Gene	test_allele_count	test_gnomAD_allele_count_iCFgCFadjust	test_P_rvexcaliber_base_iCFgCFadjust
CNN2	1569	11.7225699987316	0
FAM136A	117	8.35683165525002	0
FCGBP	2065	130.883188610102	0
KRT18	954	18.806083450022	0
LILRA1	1392	81.9614517249879	0
LILRA2	3321	33.8261051125874	0
LILRA4	231	23.5098067594978	0
LILRB2	1327	22.5789742713509	0
MUC16	1993	352.792332122225	0
MUC6	2871	313.019374718447	0
OR1B1	187	21.3204000777887	0
P2RX5	188	32.0385431613917	0
POM121	153	51.5053501004667	0
PRSS1	854	9.18112684100904	0
PRSS3	349	39.1488196302922	0
SIGLEC12	135	23.312583654686	0
TAS2R19	603	25.1867112219108	0
TAS2R30	989	46.1517689378474	0
TAS2R31	259	14.7956822705792	0
TAS2R46	1593	330.225970077461	0
TTN	262	44.5123905128704	0
ZNF208	156	37.9401299039938	0
DEFB126	102	32.1999637570037	3.40838468559923e-14
DHDH	74	13.9165870697366	8.74189609589848e-13
AKAP3	71	11.5431917217761	1.6538992397841e-12
EFCAB13	90	32.4245224746671	4.16801038127801e-11
PILRB	110	45.9940795735533	1.28763222306816e-10
NEB	47	8.27665335327221	1.57799519007185e-08
WDR89	67	13.2750323322818	3.19458751674162e-08
CYP2D6	51	12.3998500059334	4.72203960377726e-08
NPSR1	211	150.922906946698	5.49610689737356e-07
OR7G3	39	9.72423108627746	1.09346497467744e-06
XIRP2	36	6.90056300707825	2.81671064294997e-06
MOK	25	5.67170141713235	2.84423500648279e-05
MYO9B	23	4.82805161291959	3.88402259976495e-05
CCHCR1	52	26.0612939162211	5.22499842107171e-05
DNAH5	50	22.5883578030626	6.68374905222757e-05
PDE4DIP	27	7.36987399780729	6.72384368989309e-05
LYST	24	6.51194903293785	9.49693799400242e-05
PCDHB4	99	55.682105624423	0.0001254974743925
CSMD3	26	6.35453335221922	0.000145663849458799
OR4A16	47	16.2984794598375	0.000150159219158619
LRRC37A3	49	25.5587285445989	0.000261681030119032
MYH7B	23	6.9598071541747	0.000262699768064922
UMODL1	22	5.80414911096289	0.000321793584741603
AMPD1	85	55.1516340086583	0.000397388856875236
SERPINA1	44	23.5569828644249	0.000539327807833834
PRAMEF2	216	96.4367081781673	0.00131519668552238
C17orf97	65	34.4005904992733	0.00139846784905495
KLHL1	16	3.72073409425336	0.00148545350125973
CP	14	3.432115150446	0.00195534103605466
GXYLT1	36	11.0127912602511	0.0020854173414977
LRP1B	29	13.4008856103718	0.00237754988349448
MYO10	15	4.38393894267685	0.00251341427706631
CLEC18B	30	15.1503010541585	0.00302575023258533
MSR1	14	4.01272212231198	0.00320071071403161
TMX3	14	4.50405365273159	0.00475719804045538
GREB1	27	14.1756571743964	0.00504953516549111
USF3	13	3.6878533942359	0.0067408797827847
GPAT2	13	3.66907858584105	0.00712704436335887
DNAH11	41	25.3102288178835	0.00832030070102219
GBGT1	13	3.919886991611	0.00857264772866984
SLC9B1	71	46.2699165135608	0.0113914544893192
MIA2	21	8.21600221634197	0.0138946583411749
POM121C	63	46.0222509685678	0.0166801743465366
CEP164	14	5.87159851004209	0.0192697791603748
PKHD1L1	53	38.6525539758394	0.0201671862162364
PSG9	10	3.66463295110628	0.0210711698926124
LRRC37B	56	40.4191989282277	0.0212653963139474
PRH2	29	18.764224871981	0.0276360929545089
DNAH7	39	27.5818770787798	0.0277117954259117
TPR	9	3.401339850382	0.0294604069362761
GPRC6A	52	39.2587559226029	0.0304154846828982
ABCC6	10	4.15951310692223	0.0304649590164916
TBC1D31	12	5.63859773071004	0.0421080434834823
ANAPC1	9	4.22847962704516	0.0536507884392331
LTN1	8	3.66374888871735	0.05872437182708
TEX15	20	12.8999386764592	0.0688986106730453
TNRC6A	43	23.531340902907	0.0723155799101367
SLC22A9	8	3.44754160051483	0.0731941949148487
OR51I2	16	10.4135017305168	0.076529507287341
CACNA1B	8	4.0679938335608	0.0798784903284167
LAMA5	38	29.4449687734	0.0821573839370989
NUP153	21	14.8807779236025	0.0884077437886595
PRB3	8	3.77803312636469	0.0890439693493597
HEATR1	25	18.1357305445542	0.0913109294870282
ABI3BP	9	5.10288767804695	0.0914907508939707
OR51A4	30	22.8404541603699	0.0932947663189977
TMEM255B	7	3.58279448061501	0.0961971231181818
PTPRD	10	6.03458851585475	0.0988912376597424
RNF212	9	5.19918063547097	0.0996634189829816
MUC21	51	38.9095435575066	0.10546526789208
REV3L	27	17.3824462437765	0.118097399156486
CDHR5	16	11.3945101419865	0.133987301451334
ZNF626	17	12.1130161469691	0.138218074120915
CEBPZ	17	12.1686669121325	0.141055752862334
ZC3H3	10	6.660362553917	0.142082148450098
NUP98	16	11.3628769547235	0.145477279277119
ATXN1	15	10.8647008367095	0.146757012045502
SNX19	9	5.88635386069862	0.146830129841093
ATP1A4	11	7.02594410802945	0.158866740281429
IL12RB1	9	6.09513765080753	0.160125705712226
DNA2	15	11.3269068555181	0.166598140466193
TPK1	31	25.5436448782277	0.168425668791612
TTC16	16	12.3186131479141	0.173492395168288
MMEL1	16	12.3270018719372	0.173944709221193
PITPNM2	10	7.11168480218395	0.177339518130763
CYSLTR2	24	16.6465641300504	0.179954446994879
CSH1	14	10.6827624421792	0.183113243688809
UNC13D	14	9.82759797669971	0.183742360500166
SGO2	17	13.023756066086	0.188838291463341
ZNF846	16	12.5800694064691	0.190813028793347
ZFP57	13	6.91192886489874	0.1912665451057
FREM1	15	11.7206583528239	0.193009835417902
ANKMY1	11	8.16724855137248	0.193087011044997
AFAP1L2	7	4.7918674957689	0.196206387189592
GALNT11	17	13.3685198618192	0.197687105968323
VWA3A	16	12.2630974167684	0.200387562212763
RALGAPA2	16	12.5743334687774	0.201475873895768
LNX1	6	3.97253883725368	0.202143809437404
MFSD6L	18	12.9472745184717	0.203682628151738
C20orf194	15	11.8735084558904	0.204854441831643
ACAN	20	16.4116380282586	0.205010786723958
FAT2	66	59.0419759031799	0.20795437755926
RPL3L	15	11.9149205684063	0.208046548013681
SYNRG	18	14.2454897513414	0.208436502411321
DCP1A	17	12.7446575565715	0.209375139562568
OR2B3	9	4.03463256444679	0.20985570093062
ZNF623	15	11.3745090290768	0.211067577623619
PCDHB10	16	12.9249886495078	0.216083576867661
NPHP3	17	13.7121473309612	0.216989183931432
GLDN	19	15.4007877019426	0.221567324432207
FCHO1	17	13.9246410823321	0.22229279425961
SCAF11	19	15.7817245608302	0.228126815446764
CFH	15	12.0007861733073	0.229581094463574
CEP250	17	13.7847398650076	0.230481482967002
HELZ2	19	15.5589082009086	0.231501282475336
NAT10	14	11.3343051969267	0.233762063820872
SIRPB1	8	4.20546716007653	0.235538010305666
ATP8B1	18	15.0784714474553	0.236033411092588
PITRM1	6	4.25157438551821	0.236199710471417
BLVRB	16	13.2349953780659	0.239840861871234
LAMC1	18	15.1340306223894	0.240135382525409
BPTF	19	15.5499234395462	0.241054319568286
MAP3K13	13	9.1092783462648	0.24134076773355
NFATC4	15	12.3731873707074	0.244440410602493
RBP3	15	12.4170445539412	0.248043125337385
SNCAIP	15	12.0583013616607	0.24932320699443
ASTN1	15	12.2613800295069	0.249430097846565
CCKAR	10	5.81361559318554	0.249539448957147
SYTL2	14	11.5994575715446	0.252677707156153
EVC	17	14.3288889277609	0.253556572546122
OR2T12	6	4.42362652921302	0.258196403474798
PPIG	5	3.58292757095135	0.258765542744914
PSG6	18	14.2287224854333	0.258797024444213
HAPLN3	12	9.61685741560269	0.259248053403565
ADAMTS9	14	11.6745501598535	0.259353775518049
WWP1	8	5.66207147053966	0.259523785773888
LAMB3	20	16.9240715108136	0.260360516361766
CREBBP	19	15.4076392951693	0.26118763355271
CPZ	23	19.653992288459	0.261863740090191
GBE1	15	12.6313201794471	0.26239028644879
DUSP18	10	5.5485662329906	0.26501310411976
PTX4	18	15.4409928917111	0.268383989333403
FAM90A1	23	19.886104304354	0.268968946427929
ALOX15B	18	15.3204397728514	0.270188287435774
AFDN	14	11.0380440292326	0.271388362897732
HPS4	6	4.52520409698011	0.272113785030394
PER3	16	13.3702012721935	0.272124960757952
KIF1C	12	9.94246342682916	0.273077434657373
OR4K5	6	3.50742288177507	0.274870940387569
MCF2L	18	15.5620354319999	0.277724160816191
ERCC6	24	20.8601201503377	0.278095248549751
CPD	14	11.760646245202	0.278115158503728
SLITRK3	14	11.2342213688197	0.278211354145773
ZNF217	20	16.626455765288	0.27832405767251
PPARGC1A	8	5.46210067405777	0.280015019818549
PTCH1	17	14.5617592970103	0.280671869280401
KIF19	17	14.6617056816746	0.281209550557134
SON	19	16.2841753058967	0.28121840749683
ANPEP	15	12.3848739303194	0.281480939298486
LRRN3	7	4.53746591884634	0.281660127995197
FBXO40	17	14.7232315894266	0.282045492419933
POLQ	12	10.038158815795	0.282414021286553
OR8K3	17	14.6986858489611	0.283958763546806
MIA3	10	8.22222743569453	0.284475170546772
MBD5	16	11.2575426374668	0.284973836084192
EPHA10	14	11.914905634604	0.285007370693039
RAPH1	11	8.40871735784095	0.287319329691433
TNR	17	14.8304108095404	0.29150051304743
COL5A2	16	13.7919834379199	0.291535547578457
FLT4	14	12.0353141671054	0.292864026895848
RPS6KC1	17	14.8534950738106	0.293757823333881
STIL	16	13.8794527542684	0.294012878609171
KRT79	11	9.07123094384945	0.294075068710504
MYH1	25	22.0956024370142	0.295710487493979
MICAL3	12	10.034046264512	0.297174716379085
AKR1C1	9	6.83275628547837	0.298615632683275
OSMR	14	11.8251939587969	0.298831363002576
MAP2	12	9.94958613303976	0.299461791481275
LAMA4	11	9.18421695302383	0.299649971490353
TBRG4	17	14.7559990668533	0.299801422497014
NAV3	22	19.1671347690342	0.301166109558254
CNTNAP5	12	9.89891601773187	0.302030550637397
TRPS1	8	4.86937723513545	0.302677568503747
MYO19	12	10.2857628243612	0.304379023040459
PKLR	11	9.20031144232791	0.306732683678635
PPP1R3A	11	9.20112926683549	0.306779983562084
ASB16	16	14.031003016176	0.306930369748126
DDX10	13	11.0900839595619	0.308354654828004
GPRIN3	12	10.2997159642774	0.309209041832846
HJURP	14	12.1813742202496	0.310385749760059
C2orf78	11	8.90977449822909	0.311098788683992
LIPF	5	3.70197825932807	0.311175932167408
PEG3	17	14.605506935966	0.311213120160691
FMN2	34	30.9827370317632	0.311290542414034
TDRD5	10	8.23346651490215	0.312677474748003
ZNF100	21	18.5197638964393	0.312696045652266
UGT1A4	13	10.1325982837931	0.312978143266239
EPHA5	8	6.24121799289456	0.313388407730789
MCPH1	16	13.7558409211792	0.313510793018977
SLC5A2	16	14.1045933997381	0.313968785185198
TJP1	14	12.172438376016	0.315612451896444
TAAR2	20	17.8054054646458	0.315853693829656
KIF21A	14	12.2416843807346	0.316095986848767
CEP112	11	9.44750181675617	0.317500676781213
TDP2	11	9.45776811312008	0.318543914336579
IFT27	5	3.75939228375487	0.318970265097922
CYP2C19	11	9.46470264971966	0.319287485617589
SUSD1	16	14.1626064699096	0.319419542618941
ATAD3B	15	13.1118376683277	0.320431719354826
HNRNPA1L2	12	10.4181972831682	0.321133339954553
NTN3	13	10.4431613134403	0.322039359954754
PDIA4	11	9.35948438226898	0.322799964541981
ARAP2	21	18.9610217767591	0.323189928234076
C17orf80	22	19.8205421971329	0.32403506006278
MLH1	16	13.8994737572624	0.324707571030686
ASTE1	7	5.68597732590254	0.325220255430693
PCDHB8	98	93.8527694171372	0.325305010160202
ITGA11	15	13.283381576244	0.325389815122276
WAC	5	3.53501163813286	0.325718747880356
OR4D6	17	15.179127311212	0.3257550428379
ZBTB7C	13	11.401160435663	0.325858465848705
MSS51	13	10.5127345937644	0.326007889905605
ABCA9	13	11.2838498454348	0.326334293644499
GCAT	12	10.338598673235	0.326436996966766
MAPKBP1	14	12.2344201458838	0.326908709514801
CRNKL1	11	9.53395308018573	0.32692053469175
SUSD4	8	6.38184150704746	0.327129853284577
ICE1	14	12.1262488043906	0.327141792115683
ACSM3	11	9.56907127069748	0.327761634504358
SLC38A10	15	13.3040576380764	0.327768849739524
KRT34	15	13.3136686848747	0.328279329000554
EAPP	6	4.50427793488258	0.328655701753958
ZCCHC2	13	11.3121432851272	0.329001716778096
TIAM1	13	11.3402627756442	0.329083712893549
LURAP1L	5	3.56806525882401	0.329381802289859
PCDHA3	15	13.3296302042692	0.32993689791011
KNTC1	18	16.0868818765043	0.331155424792377
ZNF644	11	9.49993911186902	0.331977905952307
FAHD2B	11	9.12836233549775	0.332623643482574
ATP4A	17	15.150411645866	0.332645843659081
NELL1	12	10.4362724950526	0.333301745037018
MAPK15	12	10.4191608604802	0.334088957617187
DUSP5	5	3.61610606592297	0.334708852493371
PDZD8	16	13.5780257921904	0.335579703490461
ITGAX	13	11.4956511322289	0.335706047905559
ZNF354B	12	10.5574418814351	0.336112625210601
MBTPS1	14	12.4451669400513	0.336204669236432
USP28	12	10.4412899753834	0.336363348985524
SLC6A16	11	9.62175518604122	0.336728787766376
ZNFX1	15	13.414144664195	0.33802816319084
GRIN2A	12	10.5799124552201	0.338505121883041
AKAP12	13	11.5377052326709	0.340115891345029
DCBLD2	12	10.4783261185362	0.340143247720979
CDT1	11	9.65768430630141	0.340527068348041
FANCM	15	13.2249430550137	0.34095488382823
PRAG1	13	11.4482994455517	0.34211840066053
LAMB1	11	9.30109409568207	0.342443565871746
IL17C	5	3.93108700474428	0.342562491005685
CENPJ	13	11.2566293008673	0.342806395634297
DAGLB	12	10.6194670275169	0.342873515564706
ANKH	10	8.61698990987788	0.34307543422255
RIMS3	7	5.58929742217493	0.343163742708837
SETD2	13	11.0770581630115	0.343452165711011
DUSP16	16	14.1401609650912	0.343459535508311
LAMB4	9	7.80418056190419	0.343536531418702
MYO3A	14	12.5194388480444	0.343615314606695
ITPR1	19	17.3005323018741	0.344500045562845
ARHGEF40	11	9.7182498240167	0.344510803652309
ZNF528	10	8.75323415559829	0.344832580338555
ZNF804A	11	9.58114717615338	0.345157571148207
PTPRU	13	11.4861166211178	0.345663082818215
CLSTN2	13	11.6063800677079	0.347120880664325
TTLL5	14	12.5841422616348	0.347127515086449
ABTB1	12	10.6610489038793	0.347373247562539
DCAF5	10	8.40390924533574	0.348095761526994
ARAP1	7	5.98150951056398	0.348898735881002
PPFIA1	12	10.2794717768987	0.34893955061312
SDK2	11	9.73913791303591	0.349921366644664
PLEKHG4B	8	6.92253656767152	0.350220445358592
NEURL4	11	9.63511563816206	0.350750803456627
AP5Z1	14	12.4894557611235	0.350756069985567
CHRNA2	8	6.57536266779243	0.350943879838523
UNC5B	14	12.4997754581638	0.35129957477854
BLM	14	12.4536478023932	0.351622500757965
LIFR	11	9.78948982573962	0.352755119344292
EPHA2	13	11.66526314793	0.353185418089989
TANC1	17	15.2858772554534	0.354122775256868
MYCBP2	9	7.89174189642243	0.35425323199674
GPR37L1	9	7.78116744262789	0.355273852528239
DYNC1LI1	7	5.92493895599768	0.355312579037503
ZNF813	10	8.85037483678478	0.356300385531095
DENND2C	11	9.81975569691298	0.356408770483839
PYGL	11	9.79590218881737	0.356574142716265
NOTCH2	15	13.6351237518826	0.356727994902073
STK36	13	11.726648086706	0.357130089305117
OR52D1	5	4.18667137950624	0.357266935588471
UBR1	14	12.6594173115381	0.357450915941636
HYDIN	21	19.2993744537375	0.357591594016089
TOX2	7	6.06024499788423	0.357663656416739
LMAN1	5	4.06181962876184	0.357673057281345
RANBP17	11	9.47311550537622	0.357795044793018
PRUNE2	15	13.6188781475825	0.357971185413661
HK3	7	6.04580833068317	0.358114727913462
NUP188	13	11.7173924419811	0.358785793004991
MAP3K6	12	10.7677909131006	0.358877223307549
PLD1	14	12.5894022732771	0.360009557295873
COL5A1	14	12.5892611122808	0.360143242536037
ZNF462	15	13.5996347070079	0.36019288236074
POLN	10	8.89048589364824	0.361160036388743
FSCB	9	7.83545746516062	0.36165227764254
PAPPA	12	10.3483454113425	0.362239650050185
SPATC1	14	12.710716595444	0.362725034388039
PJA2	8	6.89733081085599	0.362726019914892
CNTN3	12	10.8044407081475	0.362853218426201
MUTYH	10	8.79786799012359	0.362946030460611
SLC45A4	12	10.8055043894122	0.362976989456754
ATR	7	6.08112414485935	0.363022964497657
ATAD3C	15	13.5839650755669	0.363342979790621
PTCHD4	5	4.10788559579436	0.364223439701106
UNC45B	13	11.7987037860173	0.364759877486632
PMFBP1	14	12.4770082573287	0.365162512666929
MRC2	13	11.8020371368799	0.365249945678761
ADCY10	13	11.7849460896966	0.365956734625294
TECPR1	12	10.73577922272	0.36598333405728
GORASP1	12	10.7406653395338	0.366464173436873
FAM149A	9	7.99223911340139	0.367056051718663
GAB2	6	4.82756265171224	0.367074549201414
DICER1	17	15.0451571125775	0.36707537817134
REST	7	6.10956247511605	0.367095742617789
INPP5F	15	13.6247146703093	0.367263060735353
SFSWAP	13	11.7070294773539	0.367495232238458
NPC1	10	8.96525478325913	0.36781734094997
KRT8	12	10.8529417188825	0.368289976878161
LXN	12	10.8533694321909	0.368338569273836
ARMC5	16	14.7153268563591	0.368655717573038
ARAP3	12	10.8596561535556	0.369109319088719
DOCK3	13	11.8158038395487	0.369310843659895
ALPP	13	11.8171315987256	0.369635502539501
ZFP42	6	4.85200130356562	0.369726655331429
PLEKHA6	14	12.717593675584	0.369864032030243
CDH5	10	8.86068957015529	0.369868950284601
PTPRZ1	15	13.1333329206469	0.370230825016074
HBS1L	8	7.07552836722092	0.370747294970711
IGSF9	11	9.92403680748629	0.371017959115644
CYP21A2	12	10.8776394205865	0.371025214065665
RTEL1	13	11.833020881497	0.371056954755856
RAD54B	9	8.02748861816794	0.371542362418894
DMGDH	10	8.978482643858	0.371736746622535
PRDM2	14	12.7648101659187	0.372529618883665
ALDH1L1	14	12.8090792643463	0.373026193435396
AIPL1	16	14.6554152048231	0.373317587912632
ZNF135	10	8.83561218554288	0.373536198909091
SLX4	17	15.7046997825852	0.373646205645586
SLC39A11	14	12.8170263791234	0.373876334760347
MYO1F	5	4.28615911803202	0.37414975731871
PCDHB14	9	7.94640237188736	0.374267195112924
ATN1	11	9.95287440278488	0.374482683993026
SHANK2	8	7.02835743145915	0.374720316429826
BCR	6	5.22473511318313	0.374966102685228
CAPN3	9	7.95313309747581	0.374978375311164
RGL3	16	14.752651179907	0.37500731527008
FCN3	13	11.8703185885033	0.375314599987926
ZFHX3	36	32.8676749277726	0.376037909555323
COL5A3	12	10.9232003752817	0.376109823215971
N4BP2	10	8.86960698568396	0.376910171235869
SPOCD1	6	5.23845510184957	0.377186053632847
SCNN1B	11	9.99895207813745	0.377460124811556
KRT71	11	9.88797721716847	0.377605485338956
BTD	5	3.96910521852563	0.377733691558375
JMJD1C	17	15.5754772116652	0.377848664945137
FAM214A	14	12.7842136092453	0.378631684483098
ITGA6	13	11.9289913175029	0.379013118302844
TIMELESS	15	13.8534170276214	0.379032518767866
SNX29	12	10.959521966447	0.380045535272586
CX3CR1	11	9.91650348757345	0.380571064467996
TRRAP	4	3.4072941823162	0.380961740690992
ABL2	8	7.07849328669622	0.381135126797253
SCEL	12	10.9880749610423	0.381186190238195
DAAM2	14	12.8098521619045	0.381264566889168
PKD2L1	10	9.06329984937066	0.382016741075944
RIC1	5	4.33322625900553	0.382088011112596
ZNF85	9	8.11194536158334	0.382272553079099
FAM53A	5	4.33541238481954	0.382541151541404
MAN2C1	15	13.7896487560304	0.382721757481887
DSG1	13	11.943067284355	0.382914900981634
ANO1	11	10.0263136646134	0.3829166233894
DBH	15	13.8728092577517	0.383219874476944
TLR4	10	9.07382602511765	0.383495701683801
SYN3	5	4.34438047217847	0.384018892742483
COL4A1	5	4.3441818800486	0.384035078757081
LGR4	5	4.24394125263281	0.384245522964126
PDILT	10	8.99290090692292	0.384476118401188
IFT140	18	16.7165649705931	0.384514845594679
SLAMF7	6	5.07496871940003	0.38459220342838
ZNF556	11	10.0408525901816	0.384615653109711
FSTL4	13	11.9602541616377	0.38462392017617
DOK7	6	5.28997968596674	0.385052008781713
FAAP100	11	10.0448987530663	0.385155784182621
ASIC2	5	4.05682194508699	0.385236900387358
GPR108	8	7.08430049413296	0.385258891854465
CR2	15	13.9017085933608	0.38608533190165
GEMIN4	11	10.0524686682392	0.386114252583494
VPS18	9	8.15874181558602	0.386129026546487
OSBPL9	9	8.14112974350055	0.38615579387065
GPAT3	9	8.14253339323305	0.386233940132053
PPP1R12B	6	5.30311767020201	0.387255235994937
ADGRL1	7	6.2492174788889	0.387325770179632
GOLGA3	12	11.042891756929	0.387326341745672
LTK	18	16.8197507562169	0.387746396587354
SPG7	13	11.9902942412017	0.387962810774954
ZNF780A	9	8.15677289448678	0.388075239870366
SYDE2	10	9.11521728999761	0.388317056647595
ZEB1	7	6.0125612352083	0.38848299877014
BOD1L1	16	14.8940424583617	0.388903031553593
ZNF425	10	9.12046907071995	0.389211853051973
PITPNM1	20	18.5388085671943	0.389226013319616
PHLPP1	11	10.0996522010779	0.389360045098344
UTRN	19	17.8135578728468	0.389787815123333
KMT2A	17	15.743148513128	0.389989385828572
PCDHGA7	5	4.390591705258	0.390004962910997
TDRKH	14	12.648365957982	0.390249587138928
PPP6R2	17	15.6856875069444	0.390496147954567
SH3TC2	14	13.0036883159877	0.390839760755971
LZTS1	12	11.0800444777308	0.391612695992994
LMNTD1	5	4.39001957718695	0.391929685882087
BRWD1	17	15.8075877496543	0.392085754972635
MAVS	6	5.33464455617427	0.392227363237296
NPHS1	7	6.29629550007581	0.392259547657541
TET2	8	6.81808904051676	0.392455106275594
FBN2	13	12.0330583705592	0.392516565330637
KDM4A	6	5.23272216324286	0.392557769082331
SORBS3	11	10.1077312235024	0.392638717587918
LAMC3	20	18.5870730828648	0.392697538137228
CUL9	25	23.6286291942508	0.392723922218498
WDR19	10	9.15212696003784	0.392923871376726
NDUFS3	5	4.28512037915928	0.39311450384716
ZNF224	6	5.34064963752386	0.39322441989687
ABCC3	15	13.8119884297763	0.393343461371115
SAXO1	7	6.12887776852649	0.393472914911578
HHIPL2	12	11.0048168865377	0.393761148795845
GPR152	11	10.042193217764	0.394012286191086
GFRAL	6	5.26962586360429	0.394760215932038
STK11IP	13	11.9821802215713	0.394913317927853
RBM27	6	5.25319203198565	0.395381369133823
AZIN1	6	4.90244378326456	0.395450107515165
KBTBD3	6	5.27708931031314	0.395753192104647
CSF3R	15	14.0201821188099	0.395911600909277
LMF1	7	6.30852230362678	0.396096648990473
PTPRS	17	15.8758054787311	0.396166427916504
AUNIP	9	8.22170966480727	0.396548239962547
KIF1B	11	10.096973277775	0.396704625747702
GPRC5C	8	7.18415780788944	0.397453761021018
FCRL5	12	11.1137005086586	0.397512620904293
SARDH	9	8.23053043167557	0.397700009434474
NOTCH3	11	10.0778663924477	0.397848776119389
DNAJC13	21	19.7347332480736	0.397865254439143
CCDC66	11	10.0226922178789	0.398035932546332
TMEM220	9	8.23303286059537	0.398055708014407
FBXO7	6	5.38728907482073	0.398722483672143
KANK2	9	8.24129008222446	0.399093910958877
TTC21A	9	8.24260564118526	0.399249202326442
EDDM3A	6	5.38219139827782	0.3997392836721
SUSD6	5	4.34946276032548	0.399954952287119
CFAP61	10	9.21078723329655	0.400331336291569
SF3B3	6	5.38723058648144	0.400553466201231
CHPF2	17	15.8693211817634	0.400905188777711
CAPN12	12	11.1484129093926	0.401406883828484
B3GNT3	5	4.19354282168699	0.401442189408885
SCN7A	11	10.185031890167	0.401478055704043
PZP	10	9.22102233655367	0.401488410203088
KIF6	9	8.18124852205491	0.401649486380526
RPAP1	10	9.22349972871554	0.401839659766462
ABCB6	14	13.0235641121619	0.401989411522315
ESR2	7	6.26034201490615	0.402041576648904
ZC3H12C	8	7.10664070518642	0.402077829580799
KCNV2	9	8.26873943488247	0.402653763399344
IFT122	13	12.1439617924146	0.402698230515024
CDHR1	13	12.1304268782151	0.403231613455335
IL32	10	9.23513755980361	0.403281041326607
ADAM28	8	7.31488823816087	0.403417313955625
EP300	17	15.8821832287207	0.403451995892091
ABCA8	18	16.9497060612267	0.403454422035838
BRD4	14	13.1026485440529	0.403583563495403
CALCOCO2	6	5.40583572720931	0.403628834822184
FAM161B	6	5.3252285426968	0.403927832839359
TNK2	9	8.27939745034223	0.403997276547163
RBM28	8	7.32032981283081	0.404130841964271
DSCAML1	16	14.9695076311265	0.404219591319048
QSER1	10	9.19583231048461	0.404244225488035
CHD6	10	9.24507622958273	0.404379243173039
CYP2J2	6	5.42386768221216	0.404517437536651
SDSL	15	14.0838041893538	0.404661686526725
GPLD1	6	5.4247533856652	0.404741122501574
PARVB	6	5.41348015315441	0.404812096120054
UVSSA	11	10.1477961385162	0.405457620885288
APBB1	15	14.0922811585721	0.405663296840072
C1orf112	5	4.46931596148631	0.405766141124399
DDX54	4	3.5265630324152	0.406063443864822
FUT6	10	9.25790177435101	0.406080590536578
PDZD7	10	9.26017439303776	0.406330863237088
ZNF445	7	6.21990233541448	0.406583376686255
CNTRL	13	12.1646127506466	0.406826079052334
ACAD11	10	9.26514445902426	0.406945928478232
OR9Q1	4	3.42516537851036	0.40703143677194
MEOX2	9	8.03667152176613	0.407178581101863
NRXN1	10	9.1980637508473	0.407535048568659
PRR5	4	3.43083267883978	0.407991095409075
APLF	15	14.1176356306588	0.408072644734361
TLR6	6	5.36437109363869	0.408107830021242
PSD4	10	9.29023964740271	0.408350096528671
PDGFRB	9	8.31414674104037	0.408706164418416
ZNF257	5	4.391126699995	0.408717947000809
SLC12A3	15	14.0660387508776	0.408756892226238
OSBPL7	9	8.24165433399041	0.408818980568264
ADAM29	9	8.31595325132101	0.408847556017362
GOLGA5	4	3.54087510231098	0.408853025149797
COL10A1	13	12.1996321511484	0.408892390628546
SAMD9L	11	10.2464858409395	0.408908550127136
TSNAXIP1	7	6.40837639585427	0.409123350597805
USP54	20	18.9505721880222	0.409329627321491
LATS1	15	14.148126112177	0.409347351932609
PCDHB16	14	13.1013683941242	0.409575386292103
ITGA7	8	7.36050614892936	0.409636392538097
PALD1	14	13.1047027048865	0.410139843041364
ECM2	11	10.2578237656522	0.410279906115943
RIMS2	14	12.94085086892	0.410464525699491
TMEM132D	16	15.115770655063	0.410731780458618
SOCS4	6	5.46290781313996	0.41091448852443
IL31RA	6	5.4527826460613	0.411006407227845
KIAA0319	12	11.2310640998022	0.411035718711186
BTBD2	4	3.55313621803191	0.411285358439699
GNPTAB	8	7.23831383233266	0.411292381894864
CELA2B	8	7.37513489567943	0.411764813758213
MSH6	13	12.0791429235586	0.41182207257062
ADAMTS17	12	11.2413208495765	0.411932017826169
TKT	12	11.1781392581164	0.411968490355785
CAD	14	13.1256425664905	0.411993102681936
TRMT44	11	10.2733942532614	0.412139001518749
CEP72	7	6.33916472897825	0.412272516860265
CACNA1S	13	12.2157605013974	0.412314714934724
POR	5	4.50780067829138	0.412337461654523
TMC5	17	16.1067757375613	0.412357555446556
HYAL3	7	6.33964801908427	0.412412728747661
GLYAT	8	7.31742766669827	0.412598723766096
AHCTF1	21	20.0365085050033	0.412675710910109
ZNF667	8	7.38218832035151	0.412698692087652
PHF21B	4	3.56116455345826	0.412795510498776
CEP152	9	8.34735338654638	0.412969756445249
VNN1	9	8.34819284275913	0.413105356158314
MKKS	11	10.2839037851232	0.413286235675639
GPR17	13	12.2223668286835	0.413295201344832
FOXL2NB	9	8.3507674016537	0.413463320351438
NCOR1	11	10.2850474569452	0.413482828423569
ATMIN	9	8.36479741837739	0.413508534306481
TAF1C	18	17.0430909512515	0.413629901240243
CD300LF	4	3.56612156350929	0.413765971461832
ADAMTS2	16	14.9497871524359	0.413830504175609
ANKRD6	8	7.33885463446222	0.413904033545167
MSH5	9	8.35494652184595	0.413904079852644
ZNF430	6	5.47123488155933	0.41398051943832
CTCFL	12	11.2583673020101	0.413989043538868
MICALL2	9	8.35821256259154	0.414419877746246
CCDC158	11	10.2928342918481	0.414451066917394
DLGAP5	4	3.5696384447051	0.414464870752204
ERICH6	8	7.19539926670081	0.414478627949694
TBL3	13	12.1209828608075	0.414502280678583
ALOXE3	6	5.47568858387555	0.414583783219171
PPIC	7	6.43422598749807	0.414622471587751
WNK2	7	6.44514687020476	0.414641167088748
PSME4	7	6.37709605296491	0.414704825084088
EFHB	8	7.39664625395305	0.414707882391433
ZNF335	9	8.36113262276932	0.414722390638958
COL8A1	4	3.48706237523047	0.414817418820684
RP1	15	14.1831020327936	0.414952394725819
SBNO2	6	5.47775926197538	0.415067706347213
PLOD1	14	13.2121982500849	0.415119017598694
UNC79	10	9.34470520086295	0.415254535357484
RGS12	9	8.36457565618128	0.41528825239956
SERPINA12	7	6.44049972608022	0.415667641662616
TRPV1	13	12.2444231715421	0.415712823010634
ADAMTSL4	13	12.2449851039941	0.415735331281498
FBXO6	8	7.40344318142107	0.415756021378271
FAM193A	7	6.44200350547636	0.415798001551695
MFN2	8	7.41546589293267	0.415914893401415
CCDC14	6	5.28729271509605	0.415945050934351
FLII	6	5.48500060387273	0.416154527954931
SH2B1	5	4.44984411707762	0.416225791735146
HYAL1	5	4.45804553197566	0.416332576540309
CEP128	4	3.58700652231531	0.416359866496058
OR5R1	10	9.34186997024561	0.416491595052175
NRP1	4	3.49754658349991	0.416539136263892
ADGRG6	9	8.37598870110679	0.416604559632503
PLEKHG2	8	7.41023221065685	0.416627233870491
PTPRR	8	7.41026255812539	0.416678391952063
KIAA1614	17	16.1520937181812	0.41668629012493
CLMN	8	7.41044143213805	0.416744289758849
E2F2	9	8.37707009170264	0.416804480350153
SPRTN	4	3.49913230410602	0.416809772677488
SBSPON	6	5.48910975359379	0.416840155675192
PARP1	5	4.53339727953279	0.416929112597121
FBXO39	11	10.3157160150801	0.417161513892466
IQGAP2	5	4.53560464941945	0.417259100215232
PAPOLB	5	4.45023050616905	0.417429945878321
THEM4	8	7.35626693117652	0.417498127810126
SREBF1	13	12.2610323907163	0.417498420880096
ARHGEF10	8	7.41694182732484	0.417519096101568
KATNB1	6	5.42225857841723	0.417524695550301
AKR1B10	5	4.53804148886072	0.417759529077562
ZMYM2	8	7.36922944730296	0.417801333912492
C3orf20	17	16.1667865431916	0.418045562684578
PCDHGA6	8	7.42130816596895	0.418085140058758
KLHL28	9	8.3870686081399	0.418086949255899
YLPM1	8	7.43239812119662	0.418087543982954
SNTB1	5	4.53986211441709	0.418113541807741
SMC2	11	10.3379057394667	0.418210124332525
SPAG9	6	5.41877640422411	0.41823011664671
ZNF860	14	13.2433568352203	0.41843098094279
NIPBL	7	6.2837602788322	0.418455194332569
USP34	18	17.1664511945814	0.418540031335104
ASCC2	8	7.42707848152223	0.418977498741305
MYH11	11	10.3320919227803	0.419153510693544
THEMIS	5	4.47725494129903	0.419258507023233
CENPE	11	10.3337637035852	0.419311649054384
FMOD	5	4.5473806962865	0.419333904070815
HPS5	16	15.2194526502079	0.419449009256565
TRIM42	16	15.203626213843	0.419493854671292
PPP1R32	11	10.3346583851319	0.41952043664601
HNRNPM	4	3.59539050685533	0.419556854482503
CMTR2	5	4.55816668187483	0.419667726888528
MSH3	9	8.33484985508553	0.419783944585105
KIF21B	4	3.59790705352532	0.42003971121604
PCDHA12	10	9.30871991383588	0.420041306149449
TRAF1	8	7.36758477031212	0.420111348849976
TET1	12	11.313867505279	0.420237387783509
ASPSCR1	8	7.4397136111918	0.420722431085078
ZDHHC1	4	3.60201094590722	0.420790682441569
PARP4	22	20.9302702367609	0.420870847936636
KRT10	6	5.52435634680965	0.420986729204131
FCRL3	11	10.3475765579791	0.421004337727841
TBCD	7	6.40531564699146	0.421012987609581
VCPIP1	5	4.48935403257333	0.421067497824333
CCDC88A	7	6.42487519553925	0.421143303835318
MTUS1	18	17.1305666253345	0.421291478307066
GON4L	11	10.3520409730739	0.421352899736032
CDH1	4	3.60505368289196	0.421375444271054
POU6F2	8	7.37880278642884	0.421552153593995
UNG	4	3.60572697440275	0.421554957846556
OR4C6	6	5.51843079362715	0.421585965665631
SLC29A3	6	5.51842745143633	0.421591663296507
SLC4A4	7	6.48139271839823	0.421722338320336
NEUROD4	7	6.48185406058878	0.421747116848065
TUBA3E	8	7.38163597269042	0.421902906650245
OR10H2	7	6.48238546892861	0.421903982776933
MOG	16	15.228015341731	0.421925700780523
NBEAL2	10	9.38618912030668	0.421930909482307
SLC10A1	5	4.56270192654588	0.4220638199748
NRG3	5	4.5718971010788	0.422184152935922
ZFAT	18	17.1866030031323	0.422214798549832
GFM2	8	7.46265795497602	0.42244780946809
SLC18B1	7	6.42004200292038	0.422882896078169
TF	9	8.30326827042383	0.422915257735442
HYKK	9	8.42291397341641	0.422978523066529
CYP39A1	23	22.0989414994409	0.423236730609576
ZNF610	10	9.33738508811745	0.423281642743149
ZNF587	10	9.33696269543506	0.423301786826429
DUOX2	11	10.3119847202933	0.423413849743585
SERPINB3	8	7.46058967121814	0.423627548287095
IREB2	6	5.53091867071286	0.42363410843315
GJB2	9	8.4280830414315	0.423647674736056
CCDC9	7	6.49627286978522	0.42384916257546
CSF1R	10	9.40237130402694	0.424263304213213
ADGRF1	17	16.2456227642071	0.424271957863935
SERTAD2	8	7.46465574975019	0.424293303543469
KCNN3	5	4.57640035862224	0.42444968769341
MYH2	12	11.3497276779478	0.4244540084458
HEATR4	8	7.47782616219343	0.424537505460984
OGG1	5	4.57679091554845	0.424582644619714
COL9A1	10	9.40613644409478	0.424642823996882
EIF6	4	3.62160327857345	0.424707256219863
SLC34A2	11	10.3799004586948	0.424810138179842
PSRC1	15	14.2812159127905	0.4250593944066
TTC30B	7	6.45470346029373	0.425105294454787
SIPA1L3	12	11.3292262236441	0.425301042944018
SMG7	9	8.44071685717723	0.425304117084968
UGT1A5	4	3.46784077741305	0.42530572031258
KRT33A	12	11.3587586697841	0.425429776419667
DCC	9	8.44137011027099	0.425433833381158
KDM2A	4	3.62565207293	0.425438087516947
HSPA12A	4	3.54101365975303	0.425521402429049
FZD4	4	3.62685314058817	0.425595227045679
ITGAD	15	13.9024404065212	0.425786837455196
FN3K	5	4.58400287721011	0.425836981445174
OSGIN1	12	11.3102795786942	0.425880716161012
ATP13A3	7	6.44290336126918	0.425913231716549
CACNA1I	8	7.47679181323607	0.426026114092608
TAF6	5	4.58611833327022	0.426138139554481
NLRP7	10	9.41837919214803	0.426150627288959
MAGI3	9	8.44919127074224	0.426287241664885
SNAPC1	4	3.63006903552235	0.426334499499206
ZNF286A	7	6.5129280797054	0.426420807280207
COL22A1	13	12.3437477873779	0.426534734401895
ZNF254	10	9.42158972079857	0.42654085417986
UBA7	8	7.48149028659296	0.426558328998353
LPXN	4	3.63127573761425	0.426578562142857
IGDCC4	5	4.58958461364645	0.426778150678517
CCDC138	5	4.59820137685455	0.426869162599856
APAF1	13	12.3467588897111	0.426949466055471
TBC1D5	7	6.51741404664353	0.426980252625315
SNX2	4	3.63335586637292	0.426981734118426
HEY2	5	4.59081127126244	0.426990222524734
SERINC2	16	15.2797159728584	0.42715150218511
GCN1	10	9.37262473997683	0.427352879535977
SLC47A2	6	5.48546119479958	0.427498576783163
COLEC12	9	8.45839651835096	0.427508606638707
MAP3K21	13	12.3549952843004	0.427829592604233
ELN	8	7.42896990333058	0.427836513472915
MYH3	16	15.2907571538284	0.428064261309805
SNX32	4	3.63899948660945	0.428067404105012
SERPINB12	6	5.39329791646152	0.42825771123963
PIWIL4	8	7.43248342370709	0.428314529266199
OR1Q1	6	5.49342312547985	0.428611170484046
DAPK1	9	8.4656126482205	0.428638985944435
NEO1	8	7.45369351462359	0.428693555965435
PRKCSH	8	7.49713708981991	0.428849826624209
PTH1R	9	8.46819908873957	0.428877845431176
RSF1	9	8.48040305097073	0.42897474664057
ZNF799	11	10.3626840359935	0.429066905946974
SLFNL1	13	12.3658976387699	0.429117295997805
INTS2	8	7.50014753844944	0.429150590710778
LHCGR	6	5.40067168212752	0.42915286421428
IZUMO4	6	5.56565938298659	0.42920095161991
MICAL1	11	10.4172533581659	0.429227892274167
SMG5	4	3.64545764137522	0.429352560640872
PTGIS	6	5.56901094219076	0.429662449806352
EPB41L5	7	6.53552896579903	0.429727556431884
SLIT3	7	6.53610159311032	0.429843254558064
SOSTDC1	4	3.6489013171911	0.430036564681636
ITGA9	5	4.60806860780877	0.430058329083538
SCMH1	6	5.57125618966709	0.430072366768766
ZNF285	12	11.3029135629035	0.430101645332493
ITIH5	9	8.47805112728791	0.430125196669462
CDK20	4	3.45722522850615	0.43030494938236
UTP14C	11	10.4249091610795	0.430311888258326
TAOK3	4	3.65711078600132	0.430373150169139
EPS15L1	5	4.61788228930364	0.430426454090357
NIPAL4	9	8.42328782658929	0.430436623601074
ADGRL2	16	15.32821531952	0.430436740750068
KIFC1	7	6.54063181934911	0.430534938589854
AXL	10	9.45611596108315	0.430884965973292
B4GALNT3	13	12.3826040885443	0.430937421809918
EIF3B	10	9.45694074202292	0.430991616321129
ADGRF3	17	16.3008924048847	0.43102053739963
A3GALT2	24	22.9756816825393	0.431052849151124
SLCO2A1	6	5.57758750744858	0.431078132711439
ARMC2	6	5.57778998243167	0.431133074042087
TMC7	10	9.45823854784006	0.431135632530838
PLK4	7	6.54550214902824	0.431168246004688
PRKCD	5	4.55624884486001	0.431253667078485
BIRC7	5	4.61590165788149	0.431452708295364
TAB1	4	3.57834253868783	0.431541933940238
UBE3D	4	3.65668009985351	0.431630754778709
CNTN6	11	10.4376095575428	0.43171443945915
MYH15	13	12.3898422177824	0.431750148976763
PSG4	8	7.46126677997301	0.431833016049979
SLC37A4	4	3.65852038134977	0.431956830719374
AEBP1	15	14.3493587307998	0.431966858656965
TAAR6	10	9.46527306403619	0.431989454001114
SLC38A2	8	7.52018936067523	0.432020840209531
GUF1	6	5.583848823375	0.432119425334671
ITGA4	10	9.46634572386004	0.432133767030126
BORA	11	10.4407937545624	0.432137839865963
KALRN	19	18.2354907513509	0.43227100957708
ZFP69B	20	19.23575079149	0.432478475841508
STPG1	6	5.58660595887848	0.432534266038188
CCDC105	8	7.52474725865294	0.432619744942983
DSG4	8	7.52585095468286	0.43275333596794
GLB1L3	7	6.55630272623017	0.432876857909186
CIITA	4	3.66345374308222	0.432940580953625
TENM3	10	9.47252217592292	0.43298654107968
OR2F1	5	4.55490328826001	0.433000732837554
CLYBL	17	16.2927581801942	0.433044635572295
SPIDR	8	7.52886891334953	0.43318152729482
TRAK1	10	9.47408370916543	0.433255887909687
DCDC1	8	7.52931591986621	0.433288943577094
DNAJC10	8	7.53026135905641	0.43332984156928
CCDC170	11	10.4515741853254	0.43341879974621
CHD9	14	13.3974262725488	0.433513932944304
ATF6B	8	7.47551234230212	0.433553434515377
LDB3	10	9.47865770148249	0.433717651947635
ATP10D	4	3.67438705946117	0.433787349678254
TTBK2	9	8.42111718535973	0.433973445529912
ZNF676	5	4.63079491721075	0.434090913901843
FAM217A	5	4.63187601122592	0.434276253316374
ZBTB21	9	8.51885607298002	0.434281798827801
NUP35	4	3.67062333538053	0.43431858806898
ADAMTSL3	17	16.2582637002018	0.434400383495491
FICD	10	9.48600586437322	0.434589788854899
LRCH1	5	4.6336929940105	0.434625331706368
EVI2B	4	3.60799774820538	0.434636251021323
ANKAR	10	9.48842200863391	0.434914280943185
DHX34	14	13.3986051650444	0.435047758604379
C3	14	13.3578745248365	0.435061676216738
TMEM63C	4	3.67477456940878	0.435169368679675
C8orf33	7	6.57185591708692	0.435209761826132
IL20RA	4	3.67549288708558	0.435325437375248
LONP1	13	12.4221881393057	0.435351022343056
ATG2A	16	15.3629675574311	0.435399170679108
CAMTA2	4	3.67603787333645	0.435410048352557
SSC4D	7	6.57413194903297	0.435595368547594
SLC25A24	4	3.67799362228735	0.4357538681481
PON3	5	4.64195441353092	0.436027417085961
SRRM1	6	5.60830012134044	0.436029113133949
PCDHGA10	15	14.3889022486724	0.436042852877879
CCDC89	7	6.44091807947607	0.43616223923163
N4BP2L2	8	7.55031017019336	0.436225944520562
PRR15L	5	4.6445900004957	0.436503330053453
C18orf25	5	4.65156411759969	0.436526103338083
VPS50	6	5.61163532378972	0.436573133061128
NKAPL	6	5.61207909356776	0.436659178554483
MINK1	4	3.68267310781384	0.436691645750875
RGS11	11	10.4803888597481	0.436937417329436
NPAS2	5	4.65397813157166	0.436942398316933
SERINC5	4	3.69020733427842	0.436974426951048
RICTOR	10	9.51513945918325	0.436984457314977
CHD2	5	4.64810322588521	0.437103007831148
PHC3	9	8.53161433340148	0.437356765800614
VPS9D1	9	8.53247998459861	0.437413834420112
IFT80	4	3.69319902005811	0.437578420450617
PDCD1LG2	4	3.68733791536683	0.437631516021764
ITIH2	11	10.4404834374308	0.437650646404648
MAP3K1	7	6.4551020948053	0.437753845520248
BMPER	9	8.53531791551944	0.43778426392294
FCAMR	13	12.4446274503105	0.437821892329001
ZNF577	4	3.68805333122715	0.437828843036396
NRXN3	5	4.65319121435165	0.437983187850554
TRANK1	15	14.4076636740085	0.438048588670464
ZNF518B	7	6.59038451639079	0.438066617010009
ANKRD42	7	6.59065900018758	0.438071016214753
RERGL	4	3.69037856997823	0.438240018437684
XKR6	4	3.69694375856816	0.438328550826796
THNSL1	4	3.63128741074354	0.438484919732749
CCDC81	7	6.59386247234361	0.438505867620909
OLFML1	7	6.59336709943975	0.438525438028875
LRRC40	11	10.493738965634	0.438557325851887
CARMIL3	7	6.59413149560474	0.438560797358391
CEP192	20	19.2619432454682	0.438776764667026
OR1S2	8	7.51752724267327	0.438936651506292
PIGQ	7	6.59807476043896	0.439130027656758
CACNA1G	11	10.4732514937409	0.439143064720951
NLE1	6	5.57524073224136	0.439150588292715
ADGRF5	11	10.5103665946398	0.439219982730779
IRF3	4	3.69565063565597	0.439285374076742
EPB42	11	10.465479512136	0.439297618603108
SLC47A1	11	10.5016728337266	0.439410400879486
TNXB	32	31.0979061516206	0.439565556576285
NLRP4	11	10.5024762134931	0.439575510847166
COL11A1	9	8.55039121063706	0.439826068633895
CYP4F3	8	7.58477956318858	0.439923671385156
ALS2	9	8.52064597486678	0.440015896570306
MACC1	6	5.63283188820555	0.440038508647008
GBA2	4	3.69957703970665	0.440051407454823
CKM	13	12.4661264049442	0.440168517818497
PGGHG	11	10.5076368807685	0.440192028298832
PCDHA5	9	8.55505870355975	0.440389090299817
PNPLA8	10	9.48622689233118	0.440437522452604
RBL1	9	8.555642438592	0.440508921651421
PUM2	5	4.61733754169877	0.440661925818661
ELMO3	12	11.4920056287719	0.440676109976312
THSD4	11	10.5123453096291	0.440741752786577
PROP1	5	4.60749257331605	0.440824860534353
NECAB2	4	3.70364674781453	0.440877140717838
LRP6	9	8.567601502717	0.440888399872356
STK33	5	4.6690955940992	0.440907902815061
CHD3	4	3.71025645285709	0.441026396465798
ADAMTS18	12	11.4719803375504	0.4410349896263
SLC10A2	11	10.4903101636822	0.441088354903414
TOPBP1	4	3.70504243454097	0.44111345680226
PLCG1	5	4.67148043998467	0.441345025071011
FAM83G	8	7.58678417300166	0.441361148315116
TFR2	11	10.5284092786006	0.441440278173204
FBLN1	5	4.67225490458519	0.441467525026207
ZNF793	5	4.6743589480971	0.441766309514827
NAGK	5	4.67497879114347	0.441880511800358
CHD5	9	8.52032487510713	0.442006447635119
ITGA10	12	11.5026237352383	0.442065281982297
DNTT	5	4.67661618000005	0.442150113300259
ZNRF3	6	5.64591246807694	0.442201751311246
ACP5	6	5.6470737397671	0.442314492883976
PKD2	5	4.67726071361177	0.442325581280546
FAM170A	4	3.71177073390922	0.442442752157002
ACSM5	21	20.2104112403835	0.442587324916391
NAV1	4	3.71796043009567	0.442597464209976
ASCC3	6	5.64888575508512	0.442631589891692
VWA2	7	6.62176689271029	0.442673644321563
HDAC7	6	5.64926240685114	0.442680381251173
MYO1E	10	9.5068015282556	0.442755220787368
IZUMO1	5	4.67969604752986	0.442760170432917
GPR158	7	6.58497131985528	0.442902633923133
ALDH1B1	12	11.5105293721449	0.44293397937301
DNAAF1	5	4.68092289561457	0.443011510902464
DYNC2LI1	6	5.65132632706454	0.443029443821951
CFAP43	17	16.3895160584032	0.443192760321932
ITPR2	10	9.56283469586961	0.443224998516387
SLC19A3	5	4.68356845426115	0.443402161038496
PADI1	10	9.55501055886296	0.443404797386263
CDH3	10	9.55547617973605	0.443443436849209
ATP11A	6	5.65470260101763	0.44353576791056
UBOX5	4	3.71723348385897	0.443600141603754
ITSN2	9	8.57986095440392	0.443738094470322
SLC7A4	11	10.5371776611164	0.443769093231022
CDH10	5	4.62694091366549	0.443770594074272
CABYR	10	9.51541578711645	0.44379156089642
OR6K6	8	7.60492594968158	0.443847899582598
PKM	6	5.65662690125604	0.443873759095685
BFSP1	5	4.68628258764774	0.443882159408425
CEMIP	13	12.4993683033068	0.443905314720529
PSD	4	3.71917133149922	0.443931160860614
OVCH1	9	8.4957609289046	0.443987417230995
THOP1	4	3.65672728020856	0.444160020480601
PLAUR	6	5.65888422542779	0.44426784321193
TRIM65	5	4.68858799754934	0.444289625117267
RAB3GAP1	8	7.60789447486011	0.444335071514708
NME8	5	4.68871279325522	0.44435433897751
TRIM36	6	5.65985142028978	0.444436272825395
PTPN9	4	3.72191039336297	0.444458847397342
ZNF302	7	6.6350106773743	0.444722449049415
SLC27A2	4	3.66919798496548	0.44475465075491
PDGFRL	10	9.56705747066164	0.44482987643724
CD1A	6	5.66167799439226	0.444844204002071
SLCO1B7	6	5.66362809591245	0.444993995458105
EDC4	4	3.72490336144547	0.445015091192056
HIF3A	6	5.62242369561866	0.445030598447747
NWD1	17	16.4559555380104	0.445138943619453
RBM4B	5	4.69388158988958	0.445243001717981
ZNF160	5	4.69357858556786	0.445269489957984
AFF1	10	9.57061997414334	0.445313387226709
NRP2	11	10.4891798188498	0.445389395092994
KL	6	5.62509929296875	0.445406313687444
MYBPC2	20	19.2901103030131	0.445662868583012
SLC46A2	10	9.57377975918751	0.445670387649461
UPP1	5	4.70277642288295	0.445726790557058
BIRC3	5	4.69682067017792	0.445794302428039
IL6ST	7	6.65015363065063	0.44587624293766
RNF25	9	8.5961720050176	0.44590744305031
CHRND	11	10.5565200652813	0.446062715708554
ZMYND10	12	11.538270236576	0.446110643221932
PXDN	9	8.49769205920137	0.446121151728133
SPPL2A	12	11.3992411095218	0.446126043863178
NUAK2	6	5.67027905563733	0.446134395279611
SAMD12	5	4.64298728876311	0.446159442479638
CADPS2	9	8.59963375637495	0.446373491697115
RP1L1	46	45.0266479567527	0.446441429877882
PLCD1	8	7.62343028332748	0.446538622641271
RNF157	4	3.73773120080136	0.446556837262198
ANGPTL7	5	4.7012440841311	0.446559768679121
GH1	4	3.7326756003149	0.446570536252798
CDHR3	14	13.5079604425991	0.446752655892544
FAAP20	5	4.70299028040573	0.446820800446494
SCUBE1	8	7.62633075835789	0.44693195628585
EXTL1	15	14.4931050904248	0.446936040782387
KANK4	7	6.60367577275762	0.447126844132307
MIOX	5	4.70477210251779	0.447176396786204
RBM47	6	5.67729558579645	0.447189216867966
CMTM5	4	3.67577177930821	0.44722044617931
SLF2	9	8.57857556334373	0.447238469143571
EPB41L1	10	9.58581312614871	0.447271796891849
EXOSC3	4	3.73619347910184	0.447333070691046
HABP2	11	10.5671741094612	0.447377935023771
TFAP2E	4	3.73647676755857	0.447398884886779
NUP205	13	12.5064234660685	0.447621113963452
C7orf31	4	3.73754569588543	0.447635415371009
ZNF112	6	5.68013434080755	0.44767493203816
SLC26A6	6	5.63024469881451	0.447771512254487
WFS1	18	17.0329595144761	0.447797601814628
PLA2G4D	6	5.68330514919296	0.448209479783307
SFMBT2	6	5.64489658225124	0.448248745940164
IL6R	4	3.74138754580884	0.448377897770454
BBX	5	4.66749764690584	0.448401189077575
TSHR	7	6.62565101150753	0.448454123242849
RALGAPB	11	10.5768614341328	0.448506091040336
LPO	5	4.71230018649362	0.448507987597187
MTF1	7	6.66715453659956	0.44859768554302
RSPH1	5	4.71284374152488	0.448701989911763
TAF3	5	4.7138482117422	0.448797203783319
ZNF280D	5	4.7149305241474	0.449029025304849
KLHL25	7	6.61837252887128	0.449060168691256
ELP2	12	11.4959686451913	0.449339277433671
SLC22A25	8	7.64361441415654	0.449390387067167
FLT3	5	4.71752387917065	0.449455065850245
CAPN2	7	6.66723878432001	0.449482836814881
LTBP3	5	4.71784895858015	0.449535194767037
ZKSCAN2	6	5.69196882233928	0.449543081105298
ZNF540	5	4.71800492528628	0.449595497219522
IL17RA	5	4.7182807856079	0.449618745310224
EXOC2	4	3.74754410558671	0.449654490546728
LDHAL6B	4	3.74803498688969	0.449694283645617
ZNF638	16	15.4647713280078	0.449922881694335
ARID3B	7	6.62472519806579	0.449925797340611
SLAIN1	5	4.71999131546496	0.449948739392066
LCMT2	15	14.4902337184067	0.449973495274255
TTC38	10	9.60707877505051	0.449980321471964
BNC1	6	5.64606040298807	0.450013735548718
GGA3	8	7.56708451279134	0.450018706798873
THSD1	6	5.69488471410352	0.450108795656819
SCNN1A	4	3.75013027938001	0.450112000155343
EPHB6	7	6.63807176546577	0.450154230472027
PSG2	6	5.64731833729094	0.450191256818786
ADARB1	4	3.75088454936835	0.450250207352007
TM6SF2	5	4.72224534066959	0.450254163605199
MYOM2	20	19.4582526585864	0.450422013101191
DCST2	13	12.559850395808	0.450544827491176
ITGAE	4	3.75261112889214	0.45057921204155
RAB11FIP2	4	3.75264334597689	0.450600189968043
CYP4A22	5	4.72413126984801	0.450638984078961
RABEPK	5	4.72433909615463	0.450652652379167
ASH1L	11	10.5667927730999	0.450793433823607
SCNN1G	5	4.68338689928643	0.450835613377757
TBC1D14	5	4.7249992136479	0.450837453942566
CMTR1	4	3.75412180692298	0.450874497679337
NTSR1	4	3.75410849742756	0.450895344074688
INTS4	5	4.72575532095566	0.450932171937046
DAPK2	6	5.69992258111193	0.450936620517319
TRIM6	5	4.72633416764637	0.451038753500407
GOLGB1	22	21.3642947944459	0.451089566586272
HIBCH	4	3.75529116403569	0.451103492517717
DDX59	11	10.4979386568904	0.451130021749087
CSNK2A3	8	7.65590337940225	0.451135621691882
ITIH1	6	5.70161173159576	0.451137524331189
MAN2B1	9	8.64452046074756	0.451346148727958
CCDC78	4	3.75652269223854	0.451358776039675
ACSM2A	11	10.5646808845056	0.451382977893928
CCSER2	10	9.61944056650831	0.451495553981792
ZNF284	5	4.72911077260523	0.451531619757731
IRGC	6	5.71114820048948	0.451738565455862
ADCY6	5	4.73105245784268	0.45182231775995
LRSAM1	6	5.70594077704236	0.451896489168524
FHOD3	16	15.526012169814	0.451920289618612
FXR2	5	4.73231414846113	0.452053186277057
ZNF561	5	4.73200005191986	0.452059457616408
DENND4C	9	8.58129269342052	0.452091086966494
TYR	9	8.60468208623964	0.452126063958302
BCO2	8	7.66375441058493	0.452184016477788
ZADH2	4	3.7606550436058	0.452207219004899
PMEL	6	5.70769070408978	0.45221165266768
POMGNT2	5	4.73310573726153	0.452247971133877
CDH13	11	10.6079282886088	0.452281865012487
SEMA6A	11	10.5727207395264	0.452315984768531
QPCTL	4	3.76143474897737	0.452350050808611
ZNF230	11	10.6088296007348	0.452373766607781
DNER	4	3.76199266693406	0.452469694752594
SYCP2L	11	10.6102087044827	0.452546487045226
AIFM2	9	8.64641126136163	0.452547171545598
CILP	13	12.5781584285963	0.452651074346405
ABCC2	15	14.4908902939154	0.452753124575361
BRPF1	4	3.71809404972454	0.4528527432728
CCAR2	6	5.71168166097682	0.452865071235119
DLST	4	3.76939571703151	0.4529916909118
ZNF341	13	12.5909676880834	0.453177456381397
METRNL	4	3.76612490698703	0.453261622925542
PNPLA6	5	4.73890103970021	0.453306649798098
STBD1	5	4.691481921048	0.453415786422182
ZNF107	16	15.5442513099187	0.453649952028476
FANCC	10	9.60188052336709	0.453814242250516
SLCO2B1	4	3.76938673968097	0.453949224121472
DIP2B	4	3.77025651273017	0.454040405853139
ZNF778	13	12.5909412145248	0.454043020179118
CNGB1	10	9.64721516469631	0.454125644598895
TMEM161B	4	3.77043806380565	0.454156390623084
ZBTB5	4	3.72613484918824	0.454182754970655
DIAPH1	6	5.72691931477841	0.454329599697395
TMTC1	7	6.70501379539733	0.454333207355671
NOB1	7	6.69950294261862	0.454368361876147
VPS33B	6	5.67801597458955	0.454491468514075
RECQL	7	6.70048100124362	0.454534862457421
PLCH2	6	5.67871927321473	0.454593253842811
RBM12	4	3.77289936990845	0.454621255686243
SEL1L2	5	4.747121531015	0.454692434296277
B3GLCT	4	3.773728946897	0.454819153060792
DLGAP4	5	4.7476550219622	0.45484555425209
APOBR	5	4.74786750420882	0.454888077467652
COQ6	7	6.70271354967394	0.454916781259446
DCHS1	19	18.486901976616	0.454969843915272
C19orf44	4	3.77553080867959	0.45513937347167
LOXL4	4	3.77556860350189	0.455139541266393
GALNT8	11	10.5999259659777	0.455338673508243
C12orf50	4	3.77656283986583	0.455362163232304
KDM6B	11	10.633802914202	0.45539787044484
SNTG2	5	4.75071682286529	0.455405026589549
TULP2	5	4.75079684926267	0.455410533025078
CSAD	5	4.75086185067534	0.455443291988232
BHMT	4	3.7772839989603	0.455456350926141
ADAR	4	3.77738508585234	0.455468713352698
CES3	8	7.68656073559116	0.455473253356986
EEF2KMT	7	6.66646442250499	0.455478077979589
TXK	4	3.77740930228086	0.455523295676964
CES5A	6	5.69098048089374	0.455568074359023
ASXL3	18	17.5306718764947	0.455586687155279
TBC1D4	6	5.7285029650495	0.455593600419029
SOAT2	6	5.72944040829083	0.455709868847043
GGT5	4	3.77846080958916	0.455727567257423
ACKR1	4	3.77874619404925	0.455732598888644
NPR3	4	3.78308044583711	0.45574711136571
TMEM132B	7	6.70869941342633	0.455756393850126
TFDP2	5	4.75285600397716	0.455804000072857
ABCC8	11	10.6060271424177	0.455982693372586
UBR5	7	6.67619887323764	0.456094646713823
MYH8	14	13.5664616656921	0.456122340292972
TCOF1	15	14.5530364753794	0.456130111515308
ITPKC	5	4.70963124205237	0.456141503609504
VNN2	4	3.78095097868883	0.456216055082511
FCN2	4	3.78108931327217	0.456223823598516
TUBB8	5	4.7555062873193	0.456274301694833
SFI1	11	10.6406679958526	0.456279968756926
GPR83	4	3.78607071921604	0.456354966037813
APOBEC4	5	4.75641685187581	0.456395040494841
SYT8	5	4.75648628879879	0.456396583774239
KIF9	4	3.781946472517	0.456432147709802
AKAP8	6	5.73393087251611	0.456484764657785
MME	5	4.75702340624093	0.456516262485422
TCTEX1D2	4	3.78357936332891	0.456723835792928
ANKRD27	9	8.67728096195328	0.456737311801318
CLSPN	11	10.6517195384756	0.456739723482307
CTC1	5	4.76377668389483	0.456841105379773
MICU2	8	7.5967395909967	0.456876729634858
MCOLN1	4	3.78449647929599	0.456905193503819
SLC44A2	6	5.69603624636946	0.457004302942166
ZFAND4	4	3.78475354690516	0.457005449630648
FKBP6	4	3.78501289614541	0.457057500645491
FCRLB	7	6.71780019901972	0.457167622897318
JMJD8	6	5.7384213131	0.457221790130261
MLXIPL	12	11.6032522145641	0.457230414912183
ZFYVE28	7	6.7187163494891	0.457290437775526
COX10	5	4.76147379465702	0.457338909879119
PCK1	14	13.6142956279861	0.457360513659942
OR2T2	5	4.76229239225197	0.457480384635311
IFI16	11	10.6520144511373	0.457621394681156
PDE5A	5	4.76800942763045	0.457637832889834
SPRY1	4	3.78813303035426	0.457659754341366
SLCO6A1	5	4.76344107793566	0.457681606389386
INSRR	13	12.5688770220576	0.457876894721167
URB2	12	11.6394102345242	0.457918184498944
NAT1	6	5.74279013535908	0.457926231335075
DLGAP3	4	3.78991653310387	0.457975111087638
SIGLEC8	8	7.63666537801548	0.458050861211037
TDRD7	4	3.79024407444051	0.458053359052483
AASS	11	10.6553697438098	0.458065912124613
KRT13	4	3.79014719128603	0.458072464458609
GRK6	5	4.76576557498969	0.458091184484264
CHST6	4	3.74323105378588	0.458141530415345
STAP2	13	12.5991049870771	0.458218206673976
TOM1L2	5	4.76673061021842	0.458247653231088
PHLDB1	10	9.61729726597497	0.458337653645041
ZNF780B	9	8.68992995195126	0.458341170515235
ABCC4	8	7.71337547978641	0.458376925433861
GTPBP4	5	4.7682906082669	0.458541815459643
SMPD3	9	8.6914434114208	0.458649884710254
FOXRED2	5	4.76900438839598	0.458651498251285
STX11	4	3.79336148149639	0.458694574864016
MCM3AP	15	14.6063452298034	0.458757577693819
USP20	13	12.6330804768371	0.458766877612881
DOCK7	5	4.76965359786597	0.458796816236033
SMPD1	11	10.6616254118169	0.458812567273889
PCDHA7	8	7.67589321322309	0.458865890532129
RAB11FIP1	14	13.6204594755776	0.458878035213369
CHRNA9	5	4.77047188039839	0.458915839774778
PDLIM5	11	10.632635535414	0.458930261198725
BPIFC	5	4.77142215039542	0.459090878287241
IST1	4	3.79542245498184	0.45911061253293
AFAP1	6	5.75056385281265	0.459145634236812
NADK	11	10.6066314148124	0.459225435199571
MTMR12	5	4.77230337701678	0.459241713337113
ZBTB25	4	3.79630505075008	0.459260808242044
FBP2	9	8.69680718421604	0.459271985730599
APCDD1	6	5.72114302212629	0.459319644277707
SH3BP5	7	6.73209191766902	0.459340917021474
SNRK	4	3.79682723813905	0.459366149398456
NDUFAF6	4	3.79724908122229	0.459478655921596
ICAM4	4	3.79769716196468	0.459539962777918
RALGPS2	7	6.73432929320235	0.459671276113867
PRB1	4	3.75289642739374	0.459719130416155
SLC16A9	5	4.77545929015806	0.45978092832988
SLC5A10	7	6.7348486689104	0.459787999857616
DDR1	4	3.79903448498233	0.459828095823175
POLR3A	6	5.75472886195065	0.45985668945215
ATP2C2	11	10.6705094847828	0.459860665719901
ADCY3	7	6.73598824472071	0.459902402795944
NCOA3	6	5.72539217152671	0.459946819197804
ADGRE1	7	6.73621057227961	0.459947473930598
ZBED8	5	4.77653943124049	0.459977099810017
FBLN2	9	8.70219821375269	0.460001476635585
ARID1A	10	9.66712022053037	0.460036823243434
CDC45	7	6.7368655713161	0.460042808359377
ATP6V0A2	9	8.67650086702304	0.46006893363937
PCDHGA12	9	8.70257334317439	0.460086168275311
TMEM231	9	8.64233584613561	0.460189900827477
POLH	9	8.70350749862368	0.460191625644871
BRAT1	9	8.70380963683855	0.460218914363598
EFNA4	6	5.68524371751788	0.460225090885558
KNL1	9	8.62068937318375	0.460315284018545
SQSTM1	6	5.75771908870588	0.460383953827075
TGM1	17	16.6070559926183	0.46041857916919
PIDD1	7	6.70388548092725	0.460430330646013
KLHL40	4	3.80215289061018	0.46043474290586
LLGL2	11	10.6463657780601	0.460458154297897
SLC7A2	6	5.75859299536322	0.460463075076906
CYP3A4	7	6.73961013463206	0.46047117903933
LPIN3	9	8.67391030931586	0.460537988180822
ABCB11	6	5.75952071349624	0.460637250636398
HOXA9	4	3.80333465975154	0.460699147748851
SP3	6	5.73102222890491	0.460730011862206
REXO2	6	5.76565515496844	0.460844004166748
GTPBP10	4	3.80458969515327	0.460924560392381
OSBP2	9	8.70880964800755	0.460957490803895
LPIN2	9	8.70936079513812	0.460963836852025
RIMS1	7	6.74275428396542	0.460991865159737
PGAP2	4	3.69810241100241	0.461037489026957
ITPKB	11	10.6804100682936	0.461092376951815
MASP2	10	9.67660274968172	0.461105866982391
STON2	4	3.80585414801687	0.46117140808242
TBC1D23	9	8.71054734728161	0.461171602103061
OR6F1	4	3.80605900349146	0.461182128001004
CCDC110	4	3.76253285805141	0.461323361634309
GPATCH2	5	4.78418361630823	0.461333502632377
KLK10	9	8.71242010329334	0.461387098768024
ZNF124	4	3.80701868693688	0.461414377901462
CEP55	5	4.78942158464318	0.461495132591415
ABCC1	13	12.6322501310283	0.461648157555091
DNAJC1	4	3.8082038827005	0.461666497764086
ERICH5	5	4.78586828400333	0.461681191654256
GRIP1	14	13.6476734668563	0.4617756887041
GJB5	4	3.8089172131819	0.461787705180135
ADAM8	11	10.6870886343214	0.461880497194995
MRPL3	7	6.74910130813579	0.461939058806752
TBCE	7	6.7493112095856	0.461956755060574
TMEM143	5	4.7876913373274	0.461956910075782
NFATC1	14	13.650739210319	0.462083738377511
ANKLE2	7	6.75543585692153	0.462113183704089
AMPH	8	7.73398225549371	0.462128885162944
NOC3L	11	10.6889772470714	0.462133165496318
AKAP7	7	6.75181674314219	0.462265664757576
CCDC93	4	3.76857451520886	0.462306297908558
PPARGC1B	7	6.75148212640534	0.462311526195034
PTGFRN	7	6.75673199779836	0.462315742189854
AGAP3	7	6.75202627801362	0.462321396298783
SDCCAG8	4	3.81187929027646	0.462371315371756
RAD50	10	9.70550038849252	0.462385803382705
PPM1M	11	10.6915645774801	0.462446881132826
PPP1R9A	9	8.70193614467879	0.462627294684983
CYP2B6	18	17.5705097948229	0.46278457336433
NLRX1	8	7.70712531587956	0.46282207356887
ZNF227	5	4.79267587863437	0.462889028833041
PKP1	10	9.7099794633027	0.462996084445634
JAK1	5	4.79340894156666	0.463013710628214
PCDHGB4	12	11.6571862027771	0.463053559873875
LRTOMT	4	3.81545061394108	0.463089016678377
DDX4	5	4.79402251120876	0.463126337570627
ZNF451	11	10.6968859154941	0.463133103706972
GOLGA6C	6	5.775173683924	0.463149500825458
TNS1	14	13.660482552254	0.463178834062357
SUSD3	5	4.79453461541128	0.46320931343374
TROAP	6	5.77523354511747	0.4632289897754
STXBP5L	15	14.649586901129	0.463246653920363
LBP	12	11.6847583445899	0.46325039206815
HMMR	7	6.758363398967	0.463284730343759
LIG1	6	5.7760581823659	0.463325381507685
RPAP3	4	3.81680041969675	0.463392027573007
KIAA0232	4	3.78236313224135	0.463569722542908
PAPPA2	7	6.76034997132129	0.46359811147597
UPF2	4	3.81832120683194	0.463677047783566
TMEM67	6	5.77822332434736	0.463679778104555
CD163	6	5.78275296763807	0.46368630642924
PDE4D	4	3.81909546167751	0.463822051844037
SIK2	4	3.81924899723923	0.463840289405095
ZNF318	15	14.6463315387799	0.463873102381343
PRSS23	8	7.74651106418486	0.463943825423569
SEC16A	26	25.5197128676724	0.46407087081247
KIAA0586	10	9.71903738614887	0.464117124410341
GPD1	5	4.79970563731471	0.464147051974831
MTMR11	10	9.71933758087343	0.464159996084279
ZNF48	5	4.79990833628406	0.464179124722912
NUP93	4	3.78065913128343	0.464239138385904
YY1AP1	6	5.78169098650612	0.464246950148656
EGFLAM	9	8.73360519409109	0.464281292260053
SLC9C1	8	7.74921932228208	0.464317413121876
KRT77	7	6.74169659587338	0.464345432671337
ENPP3	6	5.78209518312485	0.464351268812146
ANO4	9	8.73439095233302	0.464361663098885
WDR4	4	3.82198614705969	0.464370877803749
DISP2	9	8.70590387671245	0.464375353105929
RMDN2	4	3.82242683544072	0.464494294232975
TMEM134	7	6.76612140115189	0.464506746878855
PPP1R12A	6	5.78325358944532	0.464512305344726
TYK2	10	9.7216567537038	0.464523345398928
EID3	5	4.7653354321096	0.464548538197228
LTBP2	9	8.70767818114307	0.464574667612702
MGAT2	5	4.80646505752597	0.464612262154231
NEDD4	14	13.6738470332953	0.464670492222837
MCM4	5	4.80678083462576	0.464673664607715
MCM3	4	3.82388017408314	0.464768784135249
PHLDB3	9	8.71419325404452	0.464826927780983
HIF1A	6	5.78524122870097	0.464863944352071
ATP7B	14	13.6532202556175	0.464924909347822
SLC25A38	6	5.78619225419848	0.464997790491281
DENND1C	7	6.77037495680739	0.465127770376323
ZRANB3	6	5.78832852052992	0.465318145598584
PHAX	4	3.82691496296195	0.465363918379206
DYNC1H1	7	6.77196468622049	0.465373755277837
ARHGAP29	8	7.75657080163357	0.465404394724829
NEDD4L	8	7.75699605437264	0.465428974292334
MCM2	5	4.80702248728494	0.465440209400708
DDX50	4	3.8278469886958	0.465549254300776
KIF17	13	12.6698330211975	0.465553033589503
CEP104	10	9.70361129745936	0.465571015449267
SLK	4	3.82794892454844	0.465593962754478
PTPRK	7	6.77527334784835	0.465875341548293
UBA6	5	4.8134528908783	0.465883650144299
NUP133	6	5.79203592535568	0.465938544137649
CRHBP	4	3.83371076448682	0.466046302406374
PEX19	5	4.81072943436866	0.466059447783531
ASPA	4	3.8306725662203	0.466092855022983
SOS1	5	4.81538606883654	0.466237941631931
BBOX1	9	8.74927659060486	0.466323704238928
GTF2IRD1	5	4.81236853611554	0.466370366092025
PCDHA8	17	16.6532720837827	0.46641196833311
CRYZL1	7	6.77869766264828	0.466412323142645
CD1C	4	3.79408051809811	0.466422096805349
IFT57	4	3.83556593499968	0.466431911954087
SBF2	6	5.79495936785665	0.466432926075077
CRAT	9	8.75052542022055	0.466477400154578
CRB1	6	5.79537059513001	0.466481698941914
MOCS1	4	3.79726184167641	0.46651522981893
NLRC3	7	6.78011137123619	0.466587740803362
KDM3B	8	7.74176320384813	0.466667056192526
OR13J1	4	3.8370763979721	0.466732067257117
PCBP4	5	4.81430783877433	0.466740922266961
FAM221B	5	4.81465789945369	0.466795467276719
GRHPR	4	3.83431559088212	0.466827606184369
LAX1	4	3.83409188099581	0.46682895346849
ETV7	8	7.76722926593072	0.466888609722275
MPO	10	9.74081894056162	0.466918605476104
APOBEC3B	5	4.78126985483381	0.466937033324864
NGLY1	4	3.8358330987531	0.467133500204179
CAMSAP1	10	9.74409928638928	0.467321953918947
SLC38A11	5	4.81762182581215	0.467333204500383
G6PC	4	3.83692380753537	0.467381360294768
RIOK1	8	7.77072518980487	0.46738727705028
ATXN7	12	11.7215954515926	0.467468705055243
ACSBG2	6	5.80127169321812	0.46747783726203
ANO6	7	6.78636961645591	0.467557005396538
TUT1	7	6.78629232031737	0.467564944961018
SLC15A1	11	10.7351288540945	0.46773394501537
WSCD1	4	3.83878167866402	0.467753870624182
IFFO1	4	3.83892263324879	0.46776753928078
CDH12	5	4.82400433270201	0.467792511555525
CLCA4	7	6.71997279348198	0.467879540485921
TCERG1L	13	12.7146384595067	0.467954709817908
RYR2	14	13.6890939975909	0.467967430817487
LRRC45	4	3.83994755956015	0.467998603134016
GDF11	4	3.84010031222842	0.468027748557323
CDH17	4	3.84351731363522	0.468072209546037
KDM3A	7	6.78957493474175	0.468076048224436
DLEC1	15	14.6558438092484	0.468092106125009
TRMT61B	8	7.77649677247127	0.468203851684407
CYC1	6	5.77554693852684	0.468239399163659
EHBP1L1	6	5.80654237463311	0.468307163611639
RHBG	9	8.76420132735998	0.468323872620607
AGAP2	6	5.80656357537102	0.468338441125473
RNLS	10	9.72778870255318	0.468353057974481
LRRC27	7	6.79161806372043	0.468379020954673
FERMT1	4	3.84233231033584	0.468457339373198
TMCC3	8	7.77893546193859	0.468554471698982
EML5	5	4.82847595580717	0.468613384439905
ORC1	9	8.74127859111736	0.468646788355549
KDM4C	6	5.72796452188929	0.468647381812049
ZEB2	6	5.78571730738724	0.468691752582295
RAPGEF3	7	6.79413764312498	0.468704011078471
EXOC1	5	4.82902858786164	0.468708044396912
ZNF468	5	4.79370091165636	0.468829191959036
KIF13B	11	10.7440123122322	0.468851101632101
GJA10	9	8.75203120738495	0.46885549576626
PRLR	4	3.80964923003843	0.46897093439993
PLEKHG5	16	15.6580471834871	0.469012743427713
CST9	4	3.84511703629892	0.469031159877891
ZNF560	5	4.82730447476263	0.46905498358287
ZHX3	8	7.78262720845362	0.469084225492976
TTC31	7	6.79661960655061	0.469093784555413
RBL2	7	6.79691667763149	0.469193655589048
PARS2	4	3.84611048300227	0.469206895084747
ACADVL	4	3.84624852741814	0.469238004910539
ZNF655	7	6.79788951021438	0.469321060032028
CDC20B	6	5.81284557303817	0.469335191571538
NEK1	5	4.82886819128433	0.469340464579455
OR52L1	7	6.79797143582206	0.469353034752338
PEX26	5	4.82900026970161	0.469366986108782
CCDC121	8	7.78492257492632	0.469395664974551
NUDT16L1	4	3.81259777183115	0.46940682784556
OR5B2	4	3.84724472684641	0.469409402908477
TPTE2	4	3.84732820514908	0.469454572573897
HTR1E	4	3.84715585240027	0.469458476333948
AVPR1B	6	5.81375024242885	0.469499955262067
ALK	4	3.85097147286143	0.469563140544014
GSN	8	7.76038054111816	0.469569635514376
PSMG1	5	4.83047126591648	0.469597655638408
PPP6R1	9	8.77523589517613	0.469808656607927
ACOX2	8	7.79258226664839	0.469843502004376
BBS10	5	4.83206851653947	0.469913095425059
FOXI1	5	4.83253653580369	0.47000911993346
EDC3	5	4.80181902037511	0.470027409328299
RPS6KA5	4	3.85030102397982	0.470042302572194
KCNH3	4	3.85062195491922	0.470102338238251
NLRP12	6	5.7955572134432	0.47013618277982
MRPL23	5	4.83351314495736	0.470158869961691
MMP20	8	7.79029520952914	0.470180514357478
USPL1	10	9.76647644233221	0.470207035724185
EIF4G1	8	7.79059177823729	0.47021368463549
KCNU1	11	10.755733733108	0.470244602229929
CFI	7	6.80459447799034	0.470302523109761
CAMKK1	4	3.85155362851152	0.470311496253727
ASIC5	5	4.83790149040933	0.470341919679826
TOP2B	6	5.82296876998914	0.470374332144666
ZDHHC8	5	4.83463086891389	0.470376044460568
PSMD5	4	3.8519542185745	0.470381238465426
TRAF3IP2	4	3.85218279837934	0.470399588577374
GRHL3	9	8.78027692358167	0.470460117872626
CSPG4	20	19.6299769438699	0.470507314927487
OR4Q3	5	4.80520966358277	0.470510642929495
SERPINA6	4	3.85318251885303	0.470616079050867
LEPR	6	5.82467490259741	0.470678011972163
FBXO36	8	7.79416285365725	0.470727668315612
KRT7	5	4.83675587996426	0.470747115361972
CHTF18	11	10.76015727672	0.470772085880781
DCAF6	5	4.83743689327422	0.470865868299491
STK24	5	4.83727898568208	0.470887970703183
LMOD1	5	4.8381408286492	0.47095960090222
FAM131A	4	3.85513997383945	0.470998649021345
MYH10	8	7.79606228540193	0.47100293096169
USH1C	10	9.77278846937637	0.47102569610698
BRDT	6	5.82693967977616	0.471040831506571
DIABLO	4	3.85544025738798	0.471078394161198
TMC3	17	16.7072912537819	0.471091809558211
MATR3	4	3.82783660450261	0.471138075784718
ZPR1	14	13.7350462803214	0.471293908785056
ARL11	8	7.79822473993461	0.471299448991879
WDSUB1	4	3.85677294691776	0.47134187379159
SPARCL1	4	3.85668328374272	0.471343496370578
INTS5	4	3.85722297867886	0.471426675046502
PCDHB5	6	5.82912266307509	0.471428414132394
SGSM1	7	6.8130229095866	0.471601073483083
CDH16	4	3.85815975551647	0.471619204470863
RBSN	10	9.77727189754068	0.471639385076898
AKAP5	4	3.86121397874421	0.471654889927961
DHX38	8	7.77703089696912	0.471703522346817
ZZZ3	4	3.85886781095453	0.471764504022966
NPAS4	7	6.81453584929972	0.471822074592879
TRPM6	14	13.7404104187562	0.471825987434895
PPAT	4	3.85949751452804	0.471879362719818
HTRA4	7	6.81488750004889	0.471896135321144
EPS8L1	4	3.85972613900242	0.47193948694427
NELL2	5	4.84387286382904	0.472044929867788
AKR1A1	4	3.86040253805394	0.472053750011309
PLVAP	5	4.84430629636126	0.472085575688584
ITGB5	6	5.82959212760504	0.472087933367708
DCAF4	9	8.79266440689528	0.472139093626005
UNC13B	9	8.79359343211697	0.47222626355225
KIF2C	4	3.86144620116533	0.472272556722026
DRAXIN	11	10.773672560709	0.472424665822466
SEMA4C	7	6.81932126441945	0.472548908233311
SSH3	8	7.80706870564848	0.472556690238905
OSBPL1A	11	10.7745960403747	0.472559668908565
IFT46	6	5.8325616373767	0.472563675549937
PRDM4	5	4.82410299595749	0.472615336888439
ZNF573	5	4.84717350442531	0.472624925082118
RRP1B	4	3.86347229653885	0.472693763189036
NDUFA5	8	7.80820637695042	0.47270685239777
ZSCAN20	9	8.7961564128623	0.472712853994984
CHD1L	13	12.7484504935706	0.472730949802182
ORC4	7	6.82089236103893	0.472735583313911
DCLK3	6	5.8334523312293	0.472737823146091
ZDHHC11	5	4.84837146353125	0.472797185988207
NOL10	6	5.83396880034954	0.472808376498788
OR8B2	6	5.83491955299776	0.472954943942207
IL25	8	7.81010455678571	0.472968156151731
GABRG3	4	3.86509176997865	0.472992217092187
BTN2A1	6	5.8355675357617	0.47305865592542
MDFIC	4	3.8655864622622	0.473098183831186
TFF2	5	4.85029979245823	0.473174757333686
CCDC181	5	4.85033847990382	0.473193023883583
MMP3	7	6.82416458620784	0.47328857227489
P2RX4	4	3.8665089370504	0.473289569375736
KRT33B	6	5.83694588142263	0.473293265620298
METTL17	4	3.86692072988215	0.473365964634803
PALMD	6	5.83728988795528	0.473369640939836
EXOC8	5	4.85151252450946	0.473376260617765
COL11A2	12	11.7533560712412	0.473399793795777
AVL9	4	3.86731752165882	0.473432399215246
CNTN4	4	3.86998413257313	0.473443647095968
KRT3	4	3.86733009232808	0.473450570699216
SIX6	8	7.79110149308059	0.473476007107955
ZSCAN2	4	3.86738996449428	0.473480667109363
SLC2A9	4	3.86766786223861	0.473512772328202
CD84	5	4.8529131574363	0.473638215773037
ALLC	6	5.83960389890673	0.473731102458034
WASHC4	6	5.83997871163402	0.473766147237015
BICD2	5	4.85378617653428	0.47378947076889
CCDC60	4	3.8691828237555	0.473804267237161
HHATL	8	7.81630371015816	0.473868233666236
SYNPO2	5	4.85764868541345	0.473943987494072
PDE6B	14	13.7598159977374	0.473956481835088
PELP1	7	6.83246868528492	0.473998531159369
ARHGAP22	4	3.8700808353398	0.474003843834662
NR4A1	7	6.82911186416401	0.474040217771482
JPH3	9	8.80704013912868	0.474105942673305
FGD4	9	8.80768782779076	0.474144500658488
PLXNB2	18	17.7177726041852	0.474289385398569
FAM160B2	7	6.83090963061146	0.474295611261142
RBFOX1	4	3.87165817382857	0.474297377473929
CAPN5	4	3.87199755889306	0.474374174726348
KDM2B	9	8.81396583171647	0.474498314019755
SLC12A9	13	12.7556661241968	0.474523877298997
LRRC49	4	3.87298111582742	0.474553909804628
CYP2U1	5	4.85809901312553	0.47457236916317
TRIM16	4	3.8731471461462	0.474617400300181
PCCA	4	3.87593997973385	0.474645479412842
EXPH5	14	13.7715905804475	0.474652536068229
ADNP2	13	12.7580744997943	0.47477302463238
TTC21B	22	21.6729507167099	0.474781843040414
LSG1	8	7.82301713997299	0.474823405208971
ACOT11	7	6.8343613127877	0.47485066668362
SLC2A7	5	4.86279191518858	0.474876400985754
AK7	7	6.83479579739757	0.47492836124505
MICALL1	4	3.87489687260652	0.474963904137732
POLE	16	15.7241892925931	0.475000468639672
PCDHGC4	4	3.8751883816699	0.475034012757408
MOGAT1	12	11.7867366056094	0.475046487073527
NUP210	12	11.7881296855763	0.475205756672984
IQCF1	6	5.84864904087849	0.475211162316264
LIPC	7	6.83684151597492	0.475224666555697
ERICH3	9	8.81573998386727	0.475226272826083
NT5M	4	3.87634645235891	0.475275799313975
ZNF665	5	4.86247500544639	0.475352945242651
BTBD17	4	3.87691511612112	0.475357428008354
AXDND1	11	10.7805591776713	0.475465556452362
SLC16A5	7	6.8388575287347	0.475480999131974
DPT	5	4.86345237881004	0.475508658015283
AVIL	7	6.83906880546322	0.475516004489799
ZNF510	5	4.86353217952198	0.475548932111987
TMEM200A	6	5.79466487917029	0.475557483748635
SECISBP2L	6	5.83285073688233	0.475563030487322
JUP	4	3.87807906705208	0.475611033971284
TSHZ3	7	6.84001046887061	0.475648616879247
CSPP1	10	9.80956349602401	0.475672750772146
ENTPD2	7	6.84022922020149	0.475720268135336
WSCD2	4	3.85535208844367	0.475751134902939
EFHC1	6	5.85209216537371	0.47575140627112
PEX14	4	3.87893079321	0.475765875815826
SLITRK6	5	4.86491962157332	0.475787983542942
TRIM45	4	3.8791198976368	0.475795759284736
MKNK1	7	6.84108254938392	0.475852387360497
ZNF35	5	4.86539360886883	0.47587643016139
ABCB9	4	3.88199233536034	0.475891025904587
EBNA1BP2	10	9.81137102826803	0.475930604461709
E2F7	5	4.86580714573499	0.475938191198944
GIMAP2	9	8.82491648634766	0.475957503730935
CATSPER1	7	6.84189734897177	0.475959536368929
EME2	13	12.7860629073473	0.475965365528394
USP42	9	8.80213405203915	0.475992503049761
DAXX	4	3.88016043533596	0.476013751710497
MYBPHL	5	4.86971194857117	0.476135467953562
MANBA	4	3.88109896017811	0.476210934341427
ACTBL2	13	12.7903975339621	0.476432944915824
ANO10	7	6.84499626354783	0.476443132912926
TCTE1	4	3.88231793238551	0.476443604399865
PRG2	4	3.88238996036657	0.476459250198555
PAN2	7	6.8455278139286	0.476516511160925
WASF2	6	5.8193352372201	0.476565560687948
BCL2L12	7	6.84580276510172	0.476573620691727
NES	11	10.8079889500024	0.476609060844618
VSIG10	6	5.85720435039205	0.476622321191897
GPR75	4	3.88306159253113	0.476626371123201
SLC34A3	5	4.869929268295	0.476665579328361
GALNT12	4	3.88349119560287	0.476679678666146
ZKSCAN8	4	3.8837512084619	0.476715907505763
VCAN	19	18.748974115962	0.476718568282678
NPY1R	4	3.88439244355118	0.476854248812914
NOC4L	8	7.83838769701596	0.477005852387337
TOPORS	11	10.786091924745	0.477073581703013
VTI1B	7	6.8293132311607	0.47717818338008
FAM71B	11	10.813910664904	0.47730869193564
ACOXL	10	9.81183887312814	0.477319154610408
RUSC2	9	8.83496162627353	0.477339022518753
CCDC59	4	3.88713441002336	0.477392832554466
EPB41	11	10.7979124590295	0.477396068564595
SLC39A5	4	3.88710661237532	0.477410714415146
PCDHB7	13	12.8033618508555	0.477418896662794
OAS3	16	15.7639018466537	0.477429741804388
SERPIND1	4	3.88715388373907	0.477437572627619
CASP1	4	3.88739013388159	0.477459044325574
COQ8B	5	4.87504536860677	0.477564024482001
SPINK5	7	6.85245198201717	0.477601074405577
FRMD3	6	5.86362134644465	0.477633837448863
MON1A	4	3.88890743999617	0.477758456705656
DDX58	6	5.86436091190051	0.477791390023366
CCDC113	4	3.88916444273222	0.477822774750813
CEP68	5	4.87629632305873	0.477841832262958
MPEG1	10	9.82671448354964	0.477869693602615
OR10Q1	4	3.88945687190339	0.477875612383284
ODF2	15	14.7896128442946	0.477908822795613
STAC2	8	7.84489765043696	0.477952598186515
FURIN	8	7.84538224566897	0.477985825616731
C6orf118	4	3.89000888832171	0.477992277862457
VRTN	5	4.88019242532364	0.478076829051022
GAMT	4	3.89072507037127	0.478132663861211
EPHA1	7	6.83732819261399	0.47823379749849
LGMN	6	5.84724099036554	0.478371271054288
TRIM41	4	3.89202263313846	0.478382007802875
QRSL1	6	5.86829324176952	0.478423125394745
KAT6A	10	9.81493832863662	0.478501014513746
ARHGAP27	6	5.86895671957298	0.478539070589159
SNX21	6	5.86934672659843	0.478595329689244
SLAMF8	5	4.8585365482162	0.478602778663277
SAA2	5	4.88080078998964	0.478621560275022
SALL2	7	6.86262821644145	0.478648949988253
OR5K1	6	5.85490836072368	0.478794176492026
ZNF571	5	4.88196776907663	0.478844209968992
SMOC1	5	4.88468714007401	0.478890652339468
INTS1	14	13.7917212076791	0.478900329692815
NFS1	8	7.85218327222883	0.478973063007278
ITIH4	11	10.8136211715958	0.479149100213929
PDE6C	4	3.89590109234261	0.47916754616774
PTPN22	8	7.85415077927145	0.479245088725455
CLDND2	6	5.87319200971317	0.479250080491914
CCDC15	4	3.89628973181804	0.479250314370507
MARVELD2	6	5.87335252398183	0.479261917102539
PDE1A	7	6.86651200976614	0.479281441411381
ERBIN	7	6.86655430173053	0.479287531737066
ACADL	5	4.88498047533321	0.479352238337325
SMAD9	7	6.86429712961697	0.479372891552908
MCM5	7	6.86412041505201	0.479379132590524
TNFRSF8	6	5.87423821878565	0.479388071656761
DCPS	6	5.87419761770838	0.479390258897194
TXNDC2	15	14.8046093990312	0.479497437503623
CDAN1	11	10.8325671752489	0.479623809545431
LAMB2	19	18.7833353244437	0.479671438090392
KRT28	9	8.8385078887661	0.479719286415796
NXPE4	4	3.89933497166245	0.479836203465997
ZDHHC5	7	6.86729074698518	0.479842333108495
WDR76	12	11.8135126778378	0.479886671278596
FUCA1	4	3.89959429245959	0.479888318288137
TMEM132A	9	8.84109360211989	0.480045437515957
FPR1	4	3.90058757857372	0.480096850236802
SLC2A2	5	4.88970657843381	0.480232521248858
CTTN	8	7.84452941866291	0.480255252664906
KLHDC9	4	3.90140156640389	0.480285646617872
FKBP15	4	3.88021583084446	0.480449838804099
ZNF792	4	3.90238309773124	0.480459582503271
CASD1	4	3.90277212442666	0.480533260403023
USP29	9	8.85579692484553	0.480584795577588
MMS19	14	13.8214129405665	0.480620171299364
CARD9	7	6.87245438850922	0.480626290607
TP53BP1	8	7.86447565640883	0.480706382717447
NFE2L3	6	5.88251240331424	0.480758038621122
KNG1	24	23.7717846228527	0.480816590264564
ABLIM2	5	4.89326061205837	0.480848370167078
NUCB1	6	5.86492624145902	0.480861136995334
FMO3	4	3.904636394285	0.480900965984467
KIF5B	6	5.88378666802592	0.480959035761726
TCTN2	6	5.88399377630447	0.480976810939301
ADNP	6	5.87006556438219	0.480987252934378
ROBO2	8	7.8665666046452	0.481008373296425
RBBP8	5	4.89428422485057	0.481048932270962
ERO1B	4	3.90767386279736	0.481126951939589
UAP1	4	3.90589047438385	0.481175577671861
KIDINS220	7	6.87654797382624	0.481247061122502
TBC1D28	4	3.9063218058073	0.481253036168256
NNT	4	3.90631039213947	0.48126031184402
WLS	4	3.90664810505695	0.481289429875839
OR5M8	8	7.85334462193687	0.481376577614695
USP16	4	3.90697673036495	0.481385001058432
PHF12	5	4.89628998879551	0.481388742158541
UBE4B	4	3.90760410596801	0.481496490156651
TYRP1	6	5.88702786139528	0.481496687790144
CDCP1	5	4.89690842177186	0.481515681656044
CD274	6	5.88739445546028	0.481525542692049
KCNG4	4	3.9084508253769	0.481687772642607
CNTNAP4	4	3.9086408537538	0.48171078991397
KANK1	21	20.7765201199018	0.481728096460462
FOXP4	4	3.90888231889717	0.481759679650651
GAPVD1	9	8.86470256302229	0.481777844488876
SGSM2	6	5.88891587358463	0.48178831822804
SLC6A19	6	5.88975050085591	0.481916893440567
CCDC30	4	3.90963711240455	0.48192126129481
CPEB1	4	3.90976848262109	0.481935807779447
TCF3	6	5.87298799481578	0.481997763498686
ZNF70	5	4.90003933741661	0.482059408300771
NOX5	4	3.89206165508409	0.482139970662502
MYO1C	19	18.799776356325	0.482180138119049
OR10W1	5	4.90076881428448	0.482205891596347
C11orf49	5	4.90095985195329	0.482230992804705
SLC4A3	9	8.8560392793192	0.482253274869062
EDEM3	6	5.89197577343405	0.482309448649422
VPS16	12	11.824658146451	0.482320060470674
GCLC	4	3.91166495724032	0.482325218566462
ILF3	4	3.91184445641342	0.48235585518966
ZNF330	8	7.87605995131604	0.48235911757842
MYO5C	10	9.8245272068044	0.482373760798048
INSC	4	3.91199241876674	0.482388264181799
CNTN5	12	11.8495483917681	0.482422968954969
STEAP3	8	7.87668044665232	0.482466761982144
MAML1	11	10.8594903573879	0.482524229728165
SNED1	6	5.89395164473211	0.482613973302951
PLA2G4C	17	16.8242852394827	0.482643096037844
KCNH6	6	5.89415161678172	0.482643562353818
FAM221A	4	3.91363359466556	0.482713737620591
SAV1	5	4.90364555178871	0.482718110379341
RSPH4A	4	3.91398410229449	0.482784584997323
TNKS	5	4.90412618225002	0.482814761323141
KLK5	6	5.89552140759506	0.482864537393894
PHF23	4	3.91468597956954	0.482911685305078
DDHD1	4	3.91478163495866	0.482933383283271
TRIM35	4	3.91515796732362	0.483028432535152
CAPRIN2	8	7.88109565822617	0.483065734863173
REM1	4	3.91552636174604	0.483085872841909
CDH7	6	5.89704127707638	0.483108754378199
POLR3E	4	3.91576626889299	0.483138557858147
FNDC11	4	3.91589013525244	0.483157592490936
IQUB	5	4.90614886341325	0.483167568132357
CACNA1E	7	6.89208468568172	0.483251348121855
SPATA16	9	8.83983050405424	0.483407367029946
TGFBI	4	3.91716695589325	0.483413127361268
SHROOM3	16	15.8419828548052	0.483552618051159
ILVBL	8	7.88482433180964	0.483613221532374
RPL7A	4	3.9181998422934	0.48362316868738
SCN5A	12	11.8602917557252	0.483692527793469
CELA3A	6	5.900769903108	0.483745205128084
NME7	4	3.91900916669583	0.48378546246544
OR51A7	7	6.89418138246378	0.483929279061051
ADAD2	10	9.87412849882974	0.483938789564168
ZWILCH	7	6.89449350259693	0.483978908337429
ZFC3H1	8	7.88759106731419	0.483989122147058
CFAP206	6	5.90288643283269	0.484090034264301
QSOX1	8	7.87893229655359	0.484094730590882
SGSM3	4	3.92119154311647	0.484228731150707
HERC1	17	16.8292929739776	0.484290877364922
AXIN2	11	10.8717179340076	0.484367131846301
ACTRT2	4	3.92199672512336	0.484384289869055
ZNF276	12	11.8670923715905	0.484469085870644
ZNF155	5	4.88382232414709	0.484518239688625
OR4C15	6	5.90566979101993	0.484544822577408
CHAT	8	7.89150995159418	0.484551919391391
SPP1	5	4.91417156495624	0.484609072084895
C7orf25	6	5.90627616247822	0.484629218480949
SART3	4	3.92494285575182	0.484648467913422
CCDC51	4	3.92384408953249	0.484767453524057
BAZ2A	14	13.863795603062	0.484888641123885
NDUFV1	5	4.91649122586808	0.485018901891484
RBPJL	4	3.92544336988852	0.485091658313905
FTO	5	4.91797472300631	0.485290140732424
GLMN	8	7.89912017160359	0.485323739507709
MBD1	5	4.90668785973382	0.485451188224822
NOP14	4	3.92733997548079	0.485461135327356
RRAS	7	6.90462437881557	0.485498758746212
ADAMTS13	8	7.8983044410381	0.48551742918267
APLP2	4	3.91395016420538	0.485557071848933
SLC17A3	4	3.92787321056345	0.485558684190644
RNFT1	4	3.9141283397119	0.485589860814118
HEATR5B	5	4.9198041474935	0.485640297899926
ZNF746	4	3.92851957391237	0.485689885782662
CNNM1	4	3.92859929489569	0.4856915972903
MARVELD3	4	3.92898114557023	0.485781037739107
MIS18BP1	10	9.88934548885503	0.485880815092323
EHMT1	7	6.9072782009838	0.485905311746398
MTMR7	10	9.87941052011317	0.485955563003768
COL9A2	12	11.8800835228595	0.485963688108714
GP6	8	7.90158440729603	0.486000657980714
CDK17	4	3.91696324285227	0.486061246301154
TRIM25	5	4.92225317175037	0.486072238100006
ULK4	19	18.8316164354011	0.486107213689693
ARHGAP31	9	8.8989469222238	0.486132320293774
TTC27	7	6.90969243705006	0.486281690579362
OLFML2B	7	6.91037837243482	0.486370487772864
ZNF28	8	7.9043788372573	0.486397137422545
STARD13	7	6.91087705488539	0.486459967483377
HAVCR1	7	6.89908397109873	0.486505443489197
COL3A1	5	4.92647998649845	0.486528004703752
BEST2	4	3.93356325097932	0.486690129126914
SLA2	4	3.93526640265791	0.486774840613302
ARMC9	6	5.9068187807744	0.486801721063303
MEP1A	7	6.91325062488428	0.486808581692387
AMBN	4	3.93423515820484	0.4868304835242
PTPRT	7	6.91393029397144	0.486908630125882
ZNF700	7	6.90242441192678	0.486960511416301
CDC42BPA	5	4.91382609657692	0.486964035184298
DZIP1	4	3.93492303332075	0.48696776721355
DHX30	4	3.93493462527596	0.48697623028053
SIN3B	7	6.91434934734967	0.486979845948028
PNMT	8	7.90920561997813	0.487070210796612
POMT2	4	3.93687346629423	0.48708303541255
KRT16	8	7.90934043271851	0.487106534106965
NEK5	7	6.91545716170581	0.487146662786607
CDH24	12	11.8909256864677	0.487244367485296
TTF2	12	11.8917195610104	0.487339278390059
OR1F1	6	5.91096847756501	0.487391036024534
TNFRSF19	4	3.93714153393266	0.487423501055333
GBP5	11	10.8974833739812	0.48749596927422
CUX1	7	6.91792098904657	0.487524253728532
MTHFR	5	4.90643249191052	0.487532069960277
RREB1	17	16.8538484700784	0.487613098632316
NRDE2	18	17.8713748573835	0.48761332682146
ATAD3A	13	12.8816855488452	0.487628663922406
AKAP11	18	17.8453629591612	0.487651514536648
ANKRD34B	5	4.93144308446154	0.487701125852189
TMC4	5	4.93158627151614	0.487736851577197
DDX41	4	3.9388392616713	0.487756653806566
FAM83F	8	7.91413471740729	0.487781807938976
ROBO4	21	20.8574945163741	0.487817722493076
UVRAG	6	5.92598285774414	0.487867325289714
WDR62	18	17.867369204328	0.487937735032387
ZNF555	4	3.9402166254984	0.488042689848405
GFI1B	4	3.94026085720486	0.488046156437383
SERPINA11	6	5.92725342313813	0.488067530214963
KIF16B	14	13.8933016065615	0.488156890463172
RIN2	20	19.8645303905411	0.48818010591323
AQP6	4	3.94130165953751	0.488244028460124
BCL2L13	5	4.93491495194079	0.488330599146683
GRIK4	6	5.93083212672474	0.488418047831212
VEPH1	6	5.92936652229086	0.488426711043408
ACSBG1	7	6.9242897326799	0.488496413577962
TCN2	4	3.94282120840658	0.488549882238244
CEP162	5	4.93612025840781	0.488554915714486
CATSPERG	8	7.91965455299014	0.488573786146642
OR6C2	7	6.92489988851325	0.488588480629094
SMYD4	13	12.9009245459472	0.488627554281811
PAN3	4	3.9433364493913	0.488649253545662
LGSN	5	4.93701408598735	0.488701267434343
ZBTB49	7	6.9194086690017	0.488855675354034
JAML	4	3.9451995487639	0.489028984524531
PTRH2	6	5.93327855763261	0.489066729240264
ALDH16A1	10	9.90606940369587	0.48906815616186
ZNF154	9	8.9188582417339	0.489106202619131
MYBPH	5	4.93932984452733	0.489117056044659
SLC8A3	7	6.9287119065476	0.489150837613035
DDHD2	5	4.93955530808071	0.489166261132493
PTPN18	4	3.94585042086268	0.489168218172116
ITPRIPL1	5	4.93979551461419	0.489215582279548
ZFPM2	14	13.8960672419381	0.4892814651699
NDC80	4	3.94675997378039	0.489334778380216
RFT1	5	4.94071815200095	0.489361898659002
SFMBT1	5	4.93191591751303	0.489377508667387
FRRS1	7	6.93186058427303	0.489640431029812
KIF5C	4	3.9483010442433	0.489650331687519
CYP4V2	4	3.94845323498739	0.489674352290549
CAPZA3	6	5.9371420548519	0.489701146868759
OR52E4	4	3.94879175182575	0.489753614456138
HIRIP3	5	4.93235224003958	0.489768531855029
MMP21	8	7.92814728947656	0.489772203307186
ATP13A1	9	8.9241575666395	0.489806956690397
UBAP2L	7	6.93454210901892	0.489833072852696
ASXL1	11	10.9186185426482	0.489864223323133
RFX6	5	4.93339606439761	0.489925526799114
ACD	4	3.94969438860952	0.489929322561118
GRIN2C	8	7.92353495764931	0.489936227334721
AMOTL2	8	7.92985625858936	0.490012368991555
ZSCAN32	9	8.92588461715248	0.490044152675089
NPR1	5	4.94498207311152	0.490127444725719
ADAM21	4	3.93968674035091	0.490155044600288
FAM171A1	8	7.92264186461018	0.490170693924295
ZNF786	5	4.94550559044915	0.490226337712812
VILL	8	7.93147328919499	0.490236600815097
RTBDN	4	3.95135260801977	0.490266980817361
PCDHGA3	9	8.92266039585348	0.490284104430817
WDR86	9	8.91990751135085	0.490289813438735
COL14A1	17	16.9032273311993	0.490424856331358
CPA6	6	5.92502404217511	0.490505078932971
MTHFD1L	4	3.95277302975168	0.490541866797994
BRD2	11	10.9226874275907	0.49056894832596
EXO1	21	20.8952777149374	0.490630414607714
GALNT18	4	3.95359207312991	0.490705369160411
BMPR1B	4	3.95367160785607	0.490721195927876
GPALPP1	8	7.9358216807411	0.490862843629033
ANO7	20	19.8975334147583	0.490864577278623
DHX58	10	9.92879576767982	0.490917638199282
DENND5A	5	4.94988181073817	0.491007110805236
SLC22A2	5	4.94990247110766	0.491014222116787
NFE2L2	7	6.94089276712674	0.491022424027442
ZNF14	4	3.95559649914051	0.491105798634334
KRT84	12	11.8917382744364	0.491137633797626
DYRK1B	4	3.95577238623003	0.491156269297823
DMP1	6	5.94655373955584	0.491230308281711
TRIM58	5	4.9514545147694	0.491290587208782
SLC4A9	4	3.95706556321622	0.491405114457877
OPRM1	8	7.94024589240757	0.491484353217212
CEP97	6	5.94838024683707	0.491541374204647
NOL8	6	5.94972557188757	0.491578924029092
NCAN	4	3.95810369072685	0.491610465679974
SLC25A40	6	5.94969893512346	0.491751165273837
NF1	7	6.94062238966188	0.491790753306577
ZNF235	6	5.95034277627135	0.491845113263096
AKAP8L	4	3.9598070196707	0.491956366300193
B4GALT7	7	6.94778470458168	0.492065297588459
GLI2	9	8.92366904050301	0.492086497122875
ARHGAP39	6	5.95285586732694	0.492098352547982
AP4E1	6	5.95194217302711	0.492122674036217
ANK1	17	16.9197848307516	0.492204737831392
RIPK3	10	9.93309992490685	0.492217318135435
MRNIP	8	7.94644423651078	0.492373694785808
FNDC3B	7	6.95087830599969	0.492374496769771
TXLNB	5	4.95745762866962	0.492374739614227
HIPK2	4	3.96211924360554	0.492411442041835
TIMM50	4	3.96223007033143	0.492440579786988
ZMYM1	4	3.96314587752003	0.492457696358125
BPIFA3	5	4.95796361481955	0.492468275889299
PIGL	8	7.94725921362877	0.49249843722864
DBR1	4	3.96350456723537	0.492691222879818
LRWD1	11	10.9348674402174	0.492701447808923
LPA	19	18.9146275347733	0.492754254938576
RNF135	7	6.95236189599898	0.492763316623195
ACVRL1	4	3.95573853963003	0.492779890840929
ANO2	9	8.94671429523033	0.492828367197128
FHL3	5	4.960476713295	0.492913913671546
SUN1	10	9.94461350552816	0.492935853992126
HGSNAT	5	4.96096555854674	0.493005717688184
ADCK1	10	9.94584572799278	0.493084104320882
SORCS2	8	7.95193105513709	0.49315074797801
CFAP44	7	6.95506851311777	0.493166095678789
FER1L6	16	15.9336191926595	0.493239089387302
RPF1	8	7.95323736408509	0.493334527038096
TIMM44	5	4.9628980938702	0.493339121839462
SIK3	6	5.96030356993622	0.49333936975956
MMP9	6	5.9599964227343	0.493445267021138
SLC38A7	5	4.96351602871022	0.493453607080102
APOL3	7	6.95210045541188	0.493589538685693
DMRT3	5	4.96431063476536	0.493597217369031
USP32	10	9.94538786959388	0.49364757863247
ACADM	6	5.96164657961979	0.493715907973274
ZCWPW2	4	3.96892527336662	0.493774164070735
LDLR	6	5.96229374453445	0.493807442086558
CEP57	4	3.96975516346877	0.493943830234295
TRIM21	7	6.9609885650691	0.494069957976923
CDC25C	4	3.97047720059236	0.494091212393386
RASGRF2	6	5.959293316924	0.49423194413546
CLIC5	7	6.96240254545974	0.494283945795856
LFNG	4	3.97165877344518	0.494323755966599
RBM6	9	8.95325714042349	0.494333458565144
MTCL1	10	9.9556269047509	0.494337225881192
TBC1D1	5	4.96851232460677	0.494352933177749
BTAF1	5	4.97019049243393	0.494535008820335
AFF4	4	3.97380903040542	0.494643488462107
ATP13A4	5	4.97016594090744	0.494652211638812
GART	6	5.95788227681339	0.494667132818851
SRP68	12	11.9553436975225	0.494778970025469
ZCCHC7	4	3.97402906037655	0.494798346997445
DPEP2	9	8.96155787780918	0.494827289706341
MMP10	9	8.96151172081485	0.494827518513316
SPECC1L	6	5.96865821518191	0.494863911629046
DOCK2	10	9.9569885444758	0.494905426878064
RELN	28	27.9346926527265	0.494968485725042
BACH1	9	8.96345363434155	0.495085999078451
ZCRB1	4	3.97548071341115	0.495089934022151
EXD3	18	17.9506088501522	0.495145393677187
OR5F1	4	3.97588381190446	0.495173945143798
ZFYVE26	15	14.955562073699	0.495227706534108
TBC1D17	5	4.97340064647736	0.495229788809058
PLA2G4F	12	11.9592153699643	0.495241121210142
SESN1	4	3.97189105086991	0.495279912577542
EVC2	16	15.9537444337381	0.495291325111432
WDPCP	5	4.97447056652609	0.495316737308503
SUSD2	5	4.97436955877185	0.495401393930019
TELO2	6	5.96813062457424	0.495479007424138
METTL23	4	3.97746830389389	0.495488870764253
TRIM37	5	4.97527554698879	0.495568471489117
PCF11	9	8.96704727580997	0.495576049810215
TCIRG1	8	7.96525511887614	0.495588420176002
HNRNPUL1	4	3.97849356594196	0.495689789872794
SH3PXD2A	11	10.9618646509338	0.495731337058345
PCIF1	5	4.97620584039299	0.49573567332825
SCML4	4	3.97878774708153	0.495752710433757
ADGRA2	10	9.9669692001538	0.495778046357543
ZNF17	5	4.97648220675558	0.495784606730214
SMPDL3A	5	4.97718488070803	0.495815409672244
NEXN	4	3.9795796537613	0.495821434347757
ANKRD44	8	7.96730242633043	0.495843281106713
ANKRD12	6	5.97467194519566	0.495851773365688
TWNK	4	3.97981371208026	0.495868152843099
NCOA1	5	4.97707904922088	0.495885545213631
LRP4	8	7.9713302647615	0.495913638975831
ARG2	4	3.98041923209422	0.496077372562834
TSKS	5	4.97851966175141	0.496148919740082
SLC2A11	8	7.97086909700991	0.496168276100086
CYP27C1	4	3.9809717390114	0.496190492948448
PPP2R2B	4	3.98103670235546	0.496204609293114
ZFP69	6	5.97770701692812	0.49634442666981
UGT2B28	8	7.97131875516859	0.496356274617719
SLC22A18	8	7.97482662411363	0.49641386741406
ZNF43	5	4.98008790123836	0.496432712541574
MUC1	4	3.9826911423004	0.496533625700593
ZNF827	6	5.97929982369091	0.496536084248917
ELL3	7	6.97756895175935	0.496591407181139
NOM1	7	6.97764495806491	0.496601282197063
DPP10	6	5.97957206607229	0.496649152057006
HSD17B4	6	5.98011305499418	0.496670262416995
NPC1L1	12	11.9724564897154	0.496778838138766
KCNT1	6	5.98078388998525	0.496780592484205
LVRN	9	8.97652317591449	0.496844407446903
CPB1	7	6.97980785824876	0.496927214078653
TMPRSS2	4	3.98118700562258	0.496929607700094
PCDH20	6	5.9813936421763	0.496949346902555
CRIM1	7	6.97623844178862	0.497049353915167
FARSA	5	4.98394010086752	0.497118636256149
SPHKAP	15	14.9738331854279	0.497193836670959
HECTD3	7	6.98160131153948	0.497201056209789
ROR2	15	14.9709761033123	0.497205738591264
SLC16A8	5	4.98483926902649	0.497282060635911
PPRC1	15	14.9727332061616	0.497317895297547
ABCA2	12	11.9779343065258	0.497423895781976
CHST11	7	6.98372829571798	0.497471277499881
PLEKHA4	6	5.98485042627449	0.49751692303815
ARHGEF11	9	8.97988747378149	0.497559356250344
COL19A1	11	10.9804390170449	0.497615251998801
ADIPOQ	5	4.98695547023082	0.497661186017569
C19orf54	6	5.98579706866363	0.497671343069697
THSD7A	9	8.98308064385659	0.4976771508079
HAO2	5	4.98709873681939	0.497689363125373
CEP41	5	4.98751440384488	0.497758565368031
ZNF267	6	5.98654927622777	0.497791845049143
STK10	11	10.9793300399883	0.497895794593694
RHBDF2	6	5.98741640899365	0.497936120576035
TGM5	6	5.98747292177736	0.497946871718458
GPR18	5	4.9887022207363	0.497973462576813
SMYD1	7	6.98695127986562	0.498017366735641
ELF2	7	6.98700098659595	0.49802409618619
PLOD2	7	6.98706723771215	0.498036383725179
BTBD1	4	3.99024382292803	0.498046330335792
TGM6	4	3.9902898984152	0.498057456584388
CENPP	5	4.9893083729595	0.498081458212126
RORC	6	5.98870473766898	0.498148901826059
MDN1	28	27.9741070124902	0.498186190324817
KIF20A	9	8.98659683089997	0.498199943805729
ITGA3	8	7.98803479721756	0.498294389885182
NYNRIN	4	3.99152606052269	0.498301045167507
CEP95	4	3.99163813900935	0.498326505099717
SRBD1	9	8.98777194779396	0.498356241721553
SPHK2	6	5.99019021551462	0.49839345183382
BNC2	7	6.98981208699277	0.498418371402364
FGFR4	7	6.98873751359959	0.498439810138576
MFSD6	10	9.98813580711193	0.498483624187162
PAK4	4	3.99248514793516	0.498495071934612
SPOCK1	4	3.99266983906797	0.498532808234336
CFAP54	9	8.98978357125048	0.498626685144913
IFNGR2	5	4.99258451910052	0.498670791069634
SMG6	8	7.98855672186602	0.498728323218961
CHST8	7	6.99163567747435	0.498728964891393
PMVK	6	5.99241282476452	0.498755654184991
TC2N	6	5.99278375847769	0.498790693350375
SMOC2	5	4.99351378166256	0.498836611086676
AP2A2	6	5.99299094316991	0.498850015866855
MRPL9	7	6.99259704240143	0.498873668473616
IQCC	6	5.99320390576183	0.498885323370847
SLC2A5	4	3.99453146567464	0.498904761120128
CILP2	6	5.99342454241313	0.498921499786058
ACSF2	6	5.99384629892574	0.498991382853723
OBSL1	15	14.990434078441	0.498994904149144
OR5T3	6	5.99412097725176	0.499036372199763
KRT4	5	4.99501733186524	0.499106351347897
DCHS2	28	27.9873885926916	0.499132969546453
NRIP2	4	3.9957487437494	0.499149132073286
TMEM102	5	4.99534497787753	0.499165670609391
ITGA5	4	3.99628741379501	0.499256232127568
ZNF282	4	3.99657986035486	0.49931498418658
SLC5A6	4	3.99670652337344	0.499340984810485
RECK	6	5.99612264444753	0.499350680736781
IRAK3	5	4.99645144943269	0.499362901339006
TEKT5	22	21.9922951445446	0.49941943239875
SLC25A48	6	5.9966934795628	0.499458083606588
CCR3	4	3.9976521463211	0.499529653825141
ATP10B	17	16.9971684660779	0.499719767258634
SORBS2	4	3.99885032100955	0.499769965300987
TRPA1	12	11.9980624307616	0.49977355670901
NDST3	5	4.998893772242	0.499801635703408
LAMP3	4	3.99906606870462	0.499808997845334
CENPT	8	7.99899258269272	0.499872043390181
MMP24	4	3.99961015139513	0.499921991687855
HCN3	6	5.99978292289981	0.499964391764314
ADAM19	7	6.99978179942066	0.499966864712131
TXNDC9	5	4.99981765728298	0.499967301983572
